201 196 190 175 162 171 174 178 183 179 187 183 188 196 179 188 184 182 185 183 183 187 192 183 194 180 184 184 199 184 203 295 189 190 160 194 173 195 158 180 143 182 209 172 181 189 183 165 197 167 193 3 118 185 150 184 164 164 178 157 157 142 156 159 
153 191 186 180 187 150 188 182 181 174 165 162 145 176 75 0 0 133 162 172 166 153 174 181 173 167 167 195 167 185 185 391 167 178 190 174 177 173 197 196 158 193 156 160 144 141 169 203 166 180 151 180 176 67 0 0 131 187 196 174 191 195 148 179 
191 167 199 196 180 202 199 183 196 198 203 182 200 202 190 183 183 180 181 198 184 203 183 194 199 181 182 196 189 199 190 401 192 179 201 89 0 0 0 0 0 0 0 0 0 0 0 0 0 0 0 0 0 0 0 0 0 0 0 0 0 0 0 0 
0 0 0 0 0 0 0 0 0 0 0 0 0 0 0 0 0 0 0 0 0 0 0 0 0 0 0 0 0 0 0 0 0 0 0 0 0 0 0 0 0 0 0 0 0 0 0 0 0 0 0 0 0 0 0 0 0 0 0 0 0 0 0 0 
0 0 0 0 0 0 0 0 0 0 0 0 0 0 0 0 0 0 0 0 0 0 0 0 0 0 0 0 0 0 0 0 0 0 0 0 0 0 0 0 0 0 0 0 0 0 0 0 0 0 0 0 0 0 0 0 0 0 0 0 0 0 0 0 
0 0 0 0 0 0 0 0 0 0 0 0 0 0 0 0 0 0 0 0 0 0 0 0 0 0 0 0 0 0 0 0 0 0 0 0 0 0 0 0 0 0 0 0 0 0 3164 329 177 162 191 180 184 133 189 175 175 174 157 0 0 0 0 0 
103 162 142 146 151 142 152 162 157 171 186 185 169 167 188 147 175 187 159 153 153 161 159 175 165 174 162 171 155 166 171 164 352 165 168 173 160 155 159 159 171 159 156 172 167 156 171 174 166 167 172 173 166 168 153 153 155 151 161 162 157 153 156 153 
161 157 168 165 156 167 159 165 154 168 167 160 153 167 157 168 156 159 165 174 155 157 161 168 165 168 159 154 153 167 159 336 172 158 166 162 169 160 153 171 156 163 170 171 156 163 174 170 169 170 177 154 155 166 165 162 167 160 165 168 165 168 159 161 
168 171 166 157 164 173 166 164 169 161 160 155 168 174 165 172 159 149 172 167 154 167 172 155 153 172 155 157 162 158 154 336 156 174 162 167 160 167 157 153 155 160 161 160 161 171 154 153 168 167 172 152 154 174 167 166 159 168 165 162 174 153 155 165 
162 165 160 153 168 164 166 155 174 151 155 165 166 155 156 157 153 153 155 159 160 155 157 162 174 153 159 155 153 155 157 336 160 161 163 163 172 151 155 172 168 159 174 167 165 154 167 168 166 165 153 168 174 171 156 153 153 153 153 159 156 159 153 153 
170 153 163 174 155 157 168 168 168 152 166 153 153 168 153 165 157 158 174 161 167 166 159 172 159 156 165 155 157 168 174 335 171 166 168 161 153 162 169 168 168 159 161 168 157 156 165 159 168 158 156 154 171 168 165 159 170 157 153 156 165 168 153 159 
156 156 155 160 159 174 155 172 159 168 167 172 167 166 168 162 170 166 170 172 167 165 166 174 168 153 153 155 157 174 153 338 169 161 160 168 159 169 164 168 155 156 154 161 154 171 164 153 157 168 159 168 167 157 167 154 155 166 167 172 153 153 168 169 
160 163 174 153 168 167 174 157 167 154 155 151 155 154 155 165 168 157 168 159 165 174 153 162 167 155 157 156 160 156 156 333 155 167 157 154 153 159 162 155 153 171 156 172 159 169 166 153 154 152 159 153 154 149 172 171 157 158 174 159 169 166 172 153 
174 171 149 168 160 159 165 168 152 160 168 167 151 162 155 163 168 153 168 165 155 151 153 174 170 177 166 174 153 153 153 342 159 168 168 165 167 166 155 157 174 153 162 167 165 168 168 169 164 171 172 168 0 174 161 157 168 173 154 165 158 169 164 153 
157 174 169 163 154 153 155 166 161 172 165 158 153 153 165 162 153 165 156 157 167 159 162 166 152 154 167 166 173 160 174 333 168 159 155 171 166 153 156 153 168 170 154 167 166 153 164 157 165 168 161 166 170 165 168 153 153 172 168 170 169 159 153 168 
165 156 171 161 172 161 162 163 161 154 159 153 153 155 162 172 165 159 156 159 169 166 172 165 174 168 167 151 170 159 166 339 159 167 154 170 169 168 165 168 168 168 159 165 163 158 153 162 167 169 168 167 154 174 155 169 168 173 156 160 171 174 153 167 
168 172 153 159 153 168 162 167 165 172 168 153 167 159 169 161 157 153 155 159 154 159 167 158 173 164 159 172 159 161 172 338 171 153 166 155 172 159 168 165 168 161 151 164 166 152 166 174 155 165 172 174 161 168 165 174 157 162 153 169 172 171 160 153 
162 165 164 157 173 154 153 168 159 153 168 167 172 167 156 169 153 156 165 155 153 172 170 153 163 155 154 171 168 167 174 340 165 168 155 169 162 161 160 171 153 153 156 167 174 168 153 157 174 159 156 152 172 167 153 166 174 153 168 165 174 168 167 165 
156 165 159 166 153 153 158 156 169 171 164 171 159 166 155 166 174 155 157 168 153 169 166 153 157 164 157 161 154 167 168 337 174 153 153 165 168 168 167 172 153 156 156 174 155 166 168 171 153 167 154 168 155 157 174 169 170 164 153 166 152 172 159 153 
170 154 170 174 166 155 160 153 165 167 169 165 168 167 151 170 159 168 157 156 159 155 156 166 155 153 166 170 157 168 159 335 168 157 168 167 172 155 168 156 154 167 168 160 167 168 156 154 153 149 166 158 166 168 159 153 164 171 172 168 168 165 167 162 
157 168 167 156 163 156 152 160 159 168 167 159 154 153 171 156 153 173 154 167 154 156 156 173 154 167 161 154 153 153 172 333 155 157 153 153 153 153 156 153 153 167 159 154 153 168 153 153 153 153 153 155 157 155 153 154 149 172 165 156 156 155 160 159 
155 165 162 159 168 168 157 156 170 156 154 150 174 168 167 151 157 158 165 174 155 151 161 156 153 165 154 153 168 170 154 335 168 165 172 168 167 166 153 155 171 154 153 168 155 171 3921 339 160 174 155 156 154 167 156 177 166 176 168 157 159 155 154 153 
159 161 155 164 159 170 163 167 156 157 168 174 153 167 156 169 168 153 153 156 170 156 159 172 147 156 159 167 154 152 155 172 345 166 157 172 151 155 154 155 156 156 154 150 174 170 156 171 169 162 168 170 169 167 172 169 170 168 153 167 174 151 155 154 
161 153 153 172 167 154 155 153 153 153 157 162 168 170 169 167 165 153 166 155 154 173 159 153 154 149 177 175 167 172 167 339 166 168 167 154 155 153 167 158 173 156 169 155 165 169 165 170 169 162 165 174 168 153 153 153 173 160 170 169 168 176 157 155 
151 155 154 155 153 153 153 153 172 167 154 155 153 153 153 153 172 149 172 171 153 167 154 153 149 172 167 154 171 153 156 339 169 154 151 153 167 172 168 171 156 165 155 171 154 159 168 173 166 174 168 167 166 153 169 170 168 165 174 170 169 162 159 170 
169 168 173 160 155 160 153 165 153 153 168 168 155 169 168 173 160 168 159 153 155 151 174 161 168 171 166 174 174 149 172 335 156 160 174 155 168 157 168 167 168 153 172 159 168 171 162 153 153 155 168 157 152 154 170 156 154 168 167 157 156 153 153 169 
178 172 149 159 154 155 166 152 155 172 147 154 170 166 168 168 168 170 169 155 153 163 153 164 153 167 154 153 153 172 153 332 166 168 167 154 165 155 153 166 167 166 168 167 157 168 168 171 153 158 165 172 167 160 165 153 153 168 161 174 151 157 178 166 
173 160 167 154 155 153 157 161 153 154 169 170 153 153 167 160 170 171 156 157 161 160 157 157 151 164 156 169 159 167 154 339 153 168 167 168 156 156 154 165 165 170 167 154 153 165 157 151 172 168 157 168 167 168 165 172 168 167 166 155 172 171 156 153 
167 168 169 168 155 166 153 173 168 165 154 152 160 170 171 166 153 168 161 151 168 155 153 157 162 167 172 156 159 171 153 336 167 154 165 159 168 168 156 158 153 159 172 153 159 162 155 157 156 165 174 159 165 168 159 162 168 164 156 159 157 162 161 172 
153 155 168 153 159 166 167 172 155 168 0 172 153 168 170 154 168 167 153 172 168 171 162 167 172 153 170 163 168 167 172 333 174 161 172 164 163 153 153 155 154 153 167 153 155 157 160 159 176 168 153 153 153 172 167 154 153 158 156 172 167 166 153 155 
166 165 155 166 153 156 170 156 154 150 168 169 170 168 171 155 154 153 153 173 166 153 153 155 154 153 153 153 155 151 170 333 157 155 162 153 153 157 153 156 161 171 162 153 154 150 174 168 155 157 167 156 157 161 154 171 153 158 153 163 153 155 154 165 
170 177 153 154 155 172 167 172 174 155 171 154 153 159 153 156 159 169 160 165 172 174 167 154 155 165 168 172 153 159 165 336 171 170 157 164 156 156 178 168 165 167 166 168 167 172 153 155 166 153 159 164 163 168 162 150 162 173 165 166 168 174 167 168 
177 169 165 170 153 169 158 156 175 159 155 157 168 167 168 151 155 154 165 167 156 169 156 153 155 171 166 153 162 168 170 336 166 167 151 155 165 160 168 159 149 172 161 153 155 154 151 171 156 153 167 153 155 154 163 168 153 159 156 156 168 168 168 170 
169 167 172 153 153 168 171 164 172 153 167 151 168 165 162 167 172 174 152 166 168 168 155 165 155 157 160 170 166 159 153 339 159 150 165 161 159 165 154 155 162 157 165 164 153 172 153 159 168 155 153 153 171 154 155 168 169 174 161 168 153 166 155 153 
153 153 172 149 163 161 166 170 172 153 155 157 170 153 163 174 156 164 166 174 153 153 162 159 153 155 153 155 164 153 170 337 173 160 155 168 169 162 152 169 165 174 169 160 157 153 153 164 169 168 173 160 170 166 170 156 157 162 161 172 167 172 153 174 
155 160 153 153 165 155 154 153 168 170 154 170 153 172 165 167 176 172 174 168 163 167 168 168 174 163 155 157 156 153 167 339 156 157 155 166 155 167 154 157 155 153 172 153 153 156 170 154 153 153 174 168 167 165 166 168 174 152 166 157 157 154 167 168 
153 168 153 153 151 159 155 154 165 153 153 157 172 166 153 167 154 153 155 157 161 168 171 154 167 174 166 167 174 154 177 333 161 169 152 155 172 151 155 154 167 154 171 168 155 169 170 163 155 168 168 165 168 178 165 158 169 153 167 169 165 170 169 168 
159 174 168 153 155 159 151 168 161 151 155 154 153 153 165 155 166 153 170 153 169 168 155 168 172 171 155 165 154 155 151 335 159 160 155 166 165 155 154 153 167 166 174 155 156 160 3849 339 159 164 163 174 153 153 174 173 172 156 153 153 153 153 173 160 
163 172 168 153 157 153 155 166 173 154 167 166 173 166 157 154 153 153 157 155 168 165 162 153 157 153 153 153 156 153 153 153 353 154 167 155 166 171 166 161 154 153 153 155 157 168 168 167 161 164 155 168 171 154 167 166 153 153 155 153 172 167 154 167 
165 168 168 172 167 154 152 155 172 166 153 153 155 154 152 155 172 151 155 154 153 153 165 153 156 153 155 172 167 154 152 340 168 167 153 163 167 154 168 165 159 168 168 159 153 170 169 168 168 167 172 167 154 165 155 168 169 155 153 166 153 153 151 172 
166 153 167 166 170 153 153 169 168 174 149 172 165 155 151 174 155 151 170 172 171 156 153 167 151 161 168 166 165 170 171 334 165 170 171 153 172 156 159 159 170 153 172 165 174 156 161 169 155 172 170 172 171 153 167 169 167 172 165 158 151 153 159 168 
155 169 168 168 167 168 159 166 167 166 153 155 157 155 154 165 155 166 167 155 172 168 163 155 160 155 163 153 158 156 160 337 170 168 165 155 160 165 157 154 153 153 172 153 153 153 167 156 163 174 149 157 155 151 170 165 154 153 167 168 169 168 155 168 
163 153 168 173 160 155 168 165 166 165 156 159 169 172 151 170 157 153 162 168 170 154 153 153 153 153 156 155 153 171 156 337 168 165 153 157 172 166 161 168 166 152 166 153 153 156 170 160 155 172 153 155 154 153 165 153 153 168 168 167 172 167 165 154 
153 170 157 174 167 165 154 155 151 161 156 157 156 159 165 170 156 156 157 161 160 168 168 167 159 166 173 154 153 175 160 337 170 163 162 161 157 168 165 157 164 173 160 161 154 155 156 154 153 168 171 162 161 151 174 153 173 156 172 167 168 153 165 160 
168 173 159 156 169 156 168 165 159 161 166 153 170 157 155 154 156 155 159 154 168 167 157 155 168 166 174 159 161 171 154 335 160 155 165 166 167 155 158 159 156 156 174 162 155 165 166 169 172 151 155 154 167 157 164 163 153 168 168 155 153 159 159 168 
168 153 153 153 153 153 172 167 154 159 174 159 159 168 167 154 153 173 166 170 169 153 153 168 161 168 172 153 155 177 154 336 161 175 156 167 151 170 157 164 157 152 175 159 174 169 157 154 153 153 168 165 168 165 168 169 172 151 180 155 160 165 161 181 
167 151 170 160 165 159 168 153 167 172 168 155 157 161 160 165 157 164 170 163 155 172 155 168 177 168 151 168 159 170 153 339 151 168 167 166 159 174 168 158 171 157 152 154 168 153 153 169 158 165 168 173 168 168 157 170 171 174 157 155 153 154 149 172 
171 174 161 168 171 166 168 167 168 157 168 167 166 168 159 169 170 167 160 170 169 168 155 157 156 153 167 153 155 154 163 335 168 169 168 168 165 149 172 167 172 153 162 168 170 169 167 172 167 156 165 154 152 166 167 174 168 165 160 158 154 161 154 159 
153 174 153 153 170 153 153 169 168 168 155 159 172 165 168 153 168 168 170 156 157 156 153 167 160 167 154 152 155 172 151 342 171 162 153 167 154 167 157 164 157 168 167 151 155 154 171 153 156 155 166 156 164 153 153 172 167 154 167 166 158 160 162 153 
153 155 171 166 168 169 170 168 165 174 168 153 153 153 173 160 161 166 153 155 153 155 157 160 155 168 169 168 168 167 168 337 168 171 168 153 155 151 168 167 168 171 166 157 154 151 173 154 153 167 153 155 157 160 155 168 169 168 168 153 165 170 171 172 
156 153 155 172 167 154 152 166 167 168 153 172 152 169 165 168 153 153 153 173 154 152 154 168 153 165 153 167 154 155 151 341 156 153 151 173 166 155 165 171 151 159 153 168 153 155 159 151 155 159 154 167 159 154 165 164 172 153 153 153 167 156 153 153 
172 153 153 153 167 156 153 153 169 156 153 153 167 165 160 155 154 167 172 167 154 165 170 169 168 173 166 155 154 153 165 333 174 170 171 159 166 168 153 173 166 170 151 173 166 168 153 173 160 155 168 169 168 168 167 168 153 167 154 153 153 157 168 168 
170 162 155 164 153 168 173 156 153 153 172 153 167 151 155 154 171 153 153 151 172 168 163 168 159 162 167 172 149 157 161 334 153 153 153 169 172 151 155 154 153 155 153 153 153 159 175 170 169 167 172 167 156 169 155 156 157 152 162 155 170 167 166 153 
156 153 153 153 165 168 155 172 155 171 166 157 158 165 155 168 153 172 153 168 165 170 156 169 167 172 167 154 153 155 157 335 160 153 153 153 153 155 154 159 153 167 168 172 171 153 3987 335 160 174 171 155 159 160 153 153 168 167 154 155 156 169 153 155 
172 159 165 168 173 166 155 165 156 166 171 158 153 153 153 153 157 168 167 160 153 153 155 157 167 154 168 167 165 166 168 169 350 168 165 170 172 167 168 157 153 149 172 159 155 160 167 168 172 167 166 167 157 156 168 170 156 157 156 153 159 168 167 154 
164 160 170 169 168 173 160 155 162 163 156 152 155 154 163 155 168 169 168 168 171 156 153 165 168 171 155 153 166 157 166 337 155 168 166 161 157 153 153 153 156 167 153 172 168 167 151 155 154 167 154 152 155 172 162 157 167 156 169 162 168 167 169 168 
161 168 171 166 174 161 166 170 165 154 165 165 170 163 158 169 153 162 167 172 163 154 153 153 172 153 153 159 155 151 162 335 172 167 154 152 155 172 151 155 154 167 154 152 155 172 151 155 154 167 154 152 155 172 151 155 154 167 154 152 155 172 151 155 
154 167 165 168 166 167 155 170 168 165 170 171 168 151 168 165 168 153 155 151 174 161 168 171 166 174 161 175 170 169 167 339 159 154 167 166 173 166 157 154 153 153 153 157 153 162 159 153 155 151 174 161 168 171 166 174 161 168 171 166 157 154 151 167 
172 153 174 152 169 165 168 153 159 156 159 159 153 153 155 151 164 169 168 168 167 168 157 173 160 170 169 168 173 160 155 337 162 149 153 151 173 166 155 154 153 171 162 174 153 152 156 153 153 154 150 174 168 153 155 153 153 154 150 174 168 153 155 153 
153 154 150 174 168 153 155 159 151 168 169 172 168 157 153 153 153 153 156 153 153 167 156 153 153 172 153 153 153 167 156 337 153 153 156 170 156 154 150 174 168 153 153 153 173 160 170 169 168 173 160 155 168 169 168 168 167 168 153 171 156 153 157 153 
162 168 171 173 160 170 169 168 174 165 170 174 169 167 160 162 168 171 155 154 150 168 149 172 167 154 152 159 153 154 161 337 162 0 165 156 159 153 153 168 171 153 162 169 170 153 155 166 173 166 155 154 153 171 162 167 168 165 160 165 174 168 153 174 
167 172 167 154 155 153 153 153 153 172 167 154 171 155 166 173 166 153 168 173 160 170 169 168 173 160 170 166 170 156 165 330 157 162 171 168 165 168 153 171 168 168 168 170 154 168 167 166 153 155 157 155 154 167 166 168 159 167 154 152 155 172 151 170 
171 156 153 151 153 155 166 155 159 153 155 154 163 168 153 153 153 153 167 168 168 172 167 154 156 155 153 154 149 172 167 337 153 162 167 156 157 167 166 170 169 153 168 168 167 159 156 169 153 168 168 167 172 167 166 168 165 167 168 168 172 153 167 151 
164 153 153 151 173 166 155 154 165 168 167 168 169 168 168 167 168 172 155 156 154 153 153 162 168 170 156 154 150 174 155 340 159 152 154 155 162 165 168 153 153 151 173 166 155 174 168 157 153 149 172 169 154 153 156 154 153 149 172 167 154 171 153 162 
165 155 166 173 160 170 169 168 173 160 170 169 168 173 154 167 154 153 167 153 155 157 160 159 156 153 153 153 155 157 174 336 159 153 171 162 167 172 163 164 168 165 174 169 154 153 153 172 153 167 151 155 154 167 172 167 156 169 155 166 168 167 159 154 
153 171 162 167 172 168 165 162 167 172 167 154 167 172 167 154 155 163 168 165 170 171 168 157 156 165 149 154 171 159 170 339 151 157 163 156 157 156 153 167 168 165 155 157 160 170 169 168 173 160 159 162 153 153 153 155 168 157 155 151 155 162 169 168 
168 153 165 155 154 153 171 162 167 172 168 171 156 153 167 168 169 168 159 153 151 172 168 153 153 153 172 149 157 155 151 341 154 167 172 168 171 162 165 170 171 154 165 168 174 167 151 174 153 153 153 158 169 164 153 157 155 166 167 159 160 173 160 155 
168 169 168 168 153 153 167 159 154 167 166 173 166 157 154 169 168 153 170 169 153 168 168 167 172 169 166 153 166 168 173 337 155 168 171 160 156 152 155 172 151 164 157 155 166 159 168 153 168 170 156 154 150 174 168 153 153 165 168 168 167 172 173 168 
166 165 157 164 170 151 171 170 153 172 167 172 149 172 167 154 167 172 167 154 165 167 168 166 167 172 155 168 172 153 167 337 156 159 161 162 153 169 168 168 168 170 169 167 172 167 154 153 153 153 167 172 149 172 167 154 167 172 161 151 155 154 153 171 
153 155 153 166 155 165 169 165 155 168 169 168 168 167 151 155 154 153 158 156 157 153 162 169 170 168 165 162 155 172 167 339 166 159 162 155 153 165 166 168 167 172 149 153 157 153 3877 337 160 168 171 168 173 166 153 168 155 154 150 174 168 153 155 153 
163 168 170 169 168 170 163 170 169 168 173 154 167 168 153 168 156 169 165 170 153 169 168 168 167 151 153 168 161 155 172 151 348 161 166 167 172 170 156 169 165 168 153 155 159 151 161 153 154 167 154 167 154 156 155 153 162 168 153 169 168 168 168 170 
160 174 153 153 153 168 153 156 165 165 174 168 153 153 165 168 168 167 168 169 168 168 167 172 167 154 165 170 153 169 158 343 153 170 171 166 153 155 166 170 165 154 156 156 153 167 172 167 154 165 174 168 167 151 174 161 154 171 153 168 173 160 176 171 
168 151 168 169 172 168 157 153 153 153 156 153 161 153 172 167 166 153 170 169 168 153 159 153 162 169 170 168 165 170 167 338 165 157 172 171 156 157 156 153 167 168 169 168 159 153 151 172 168 153 153 153 172 149 172 159 167 166 173 166 155 154 165 168 
167 151 155 154 165 156 156 155 153 154 162 170 169 167 172 167 154 153 155 157 153 153 174 163 170 168 165 168 169 166 171 334 169 170 167 166 168 169 170 168 165 174 156 170 169 171 153 153 168 156 165 161 165 153 154 149 172 167 154 156 155 160 155 172 
153 155 154 171 168 167 166 171 168 168 153 167 151 157 154 153 165 166 174 155 171 166 173 166 155 154 153 155 157 161 174 337 168 168 173 154 171 174 161 168 153 172 167 166 153 168 155 169 168 168 167 151 168 155 168 153 153 172 153 171 168 173 154 152 
154 168 155 169 164 157 153 153 168 153 155 151 157 157 154 152 154 168 165 170 153 151 174 153 169 166 174 157 155 151 170 339 171 160 168 159 167 154 153 168 153 153 153 167 156 153 165 151 155 166 153 167 154 165 168 169 170 168 165 174 168 153 155 165 
154 153 171 164 169 162 149 153 165 166 170 157 153 173 154 153 153 168 153 155 167 154 151 153 165 155 156 169 157 163 169 339 167 154 165 155 151 155 154 153 165 167 154 152 154 156 170 154 167 168 157 156 167 165 166 174 153 149 172 167 154 167 172 167 
172 167 166 168 155 157 157 154 153 153 153 157 153 162 171 168 173 160 155 168 169 168 168 167 168 169 168 153 153 162 153 339 159 167 174 166 157 164 173 160 168 168 170 156 154 150 155 162 172 167 154 152 155 172 168 157 167 156 163 174 168 153 155 153 
153 154 150 162 167 151 157 170 168 165 155 166 153 155 151 170 159 166 167 155 154 157 152 169 165 168 153 153 153 174 165 335 154 153 171 162 159 170 153 169 168 168 168 170 169 165 161 168 171 166 174 153 153 153 168 153 155 151 174 161 168 166 155 153 
153 153 153 172 167 165 166 168 168 168 170 166 168 168 168 165 153 165 168 168 159 161 168 153 153 153 172 149 172 171 155 339 160 155 168 153 153 153 172 162 170 166 168 168 167 168 169 168 159 156 159 161 151 155 154 167 157 153 156 155 165 172 168 167 
168 165 172 153 153 155 166 170 165 154 161 151 153 167 166 159 168 165 174 168 153 155 165 154 159 167 162 153 171 156 157 335 160 167 157 168 173 166 155 154 153 171 162 159 168 165 168 159 161 174 151 153 168 170 163 170 169 168 173 160 155 168 153 172 
171 162 167 168 171 156 153 157 153 155 154 153 167 166 155 157 153 164 169 168 170 157 152 154 168 165 168 165 174 170 156 336 172 155 171 156 165 166 173 156 167 154 157 173 168 168 169 155 153 166 153 153 162 169 170 168 159 153 149 172 167 154 165 168 
167 168 163 170 157 153 164 153 157 167 156 153 157 153 162 168 170 156 172 167 166 165 168 168 173 168 153 172 162 150 174 336 161 153 163 153 164 169 153 168 159 168 170 153 156 154 167 166 153 153 158 169 153 153 168 155 168 172 167 157 168 168 167 154 
152 172 163 172 151 155 154 165 156 164 160 170 169 168 155 157 156 153 167 168 165 155 157 160 174 153 153 168 159 153 155 333 159 168 168 157 153 149 172 167 154 167 172 167 172 168 165 174 168 153 153 165 168 168 153 168 170 156 154 150 174 168 165 164 
163 161 174 160 159 167 166 173 166 157 154 153 153 153 157 153 162 168 170 166 156 167 160 159 153 155 154 152 159 160 170 337 167 166 170 165 168 153 172 167 159 159 160 156 156 155 168 168 153 167 154 153 153 172 153 153 153 169 157 166 174 161 156 169 
150 156 155 160 155 172 176 153 153 157 153 153 168 153 156 152 166 153 174 153 169 170 168 165 168 153 155 172 152 169 165 336 156 168 168 167 168 165 178 153 161 166 155 165 154 167 3694 335 160 150 174 156 159 153 153 159 161 166 170 171 159 156 172 159 
161 151 155 154 159 167 159 154 167 165 169 167 172 167 154 165 168 167 166 174 167 154 152 172 155 151 155 162 165 155 157 172 348 159 153 156 167 168 153 157 153 155 166 159 155 174 166 153 159 153 161 153 154 169 154 157 153 168 167 161 157 156 178 152 
148 169 172 162 163 168 167 160 155 156 162 159 168 151 170 165 154 165 168 167 168 165 168 165 166 174 165 168 167 166 170 343 168 171 156 153 167 153 155 154 151 171 164 165 172 168 173 154 167 172 167 166 168 167 172 153 168 171 155 156 169 155 166 168 
167 168 169 167 166 156 153 153 167 159 166 174 168 167 165 166 168 169 164 153 161 166 159 155 154 153 153 153 173 172 156 333 153 165 168 169 172 168 157 153 153 153 153 156 153 153 167 156 153 165 157 156 153 153 167 156 163 168 168 171 155 154 152 159 
160 159 162 153 153 167 156 151 171 168 165 168 153 153 168 161 151 153 153 155 156 157 159 153 156 167 168 153 157 153 168 335 159 155 154 151 153 167 160 153 153 155 157 168 174 168 159 173 159 154 159 168 153 155 153 153 154 150 161 160 159 155 154 165 
168 167 151 168 153 153 155 165 160 170 166 170 156 154 156 155 153 166 155 154 153 168 150 174 168 153 167 159 168 166 167 340 158 154 161 154 153 155 172 167 172 167 166 153 155 165 160 170 165 151 157 154 157 165 153 156 153 153 167 156 153 165 166 155 
163 170 168 163 161 168 153 172 165 162 167 168 171 168 151 155 166 168 155 169 168 173 166 157 154 153 169 168 161 155 154 339 159 168 165 155 163 156 154 150 174 155 151 168 167 166 159 155 154 153 165 153 162 167 166 153 167 154 165 167 160 161 172 168 
168 150 161 153 166 157 154 157 169 172 151 155 168 171 156 151 159 170 172 161 157 168 169 158 159 156 152 155 154 157 161 340 171 155 154 153 167 168 157 155 151 174 153 162 167 172 167 154 167 172 167 154 171 162 168 170 169 159 152 154 153 149 172 167 
154 171 153 156 153 167 172 173 160 168 155 157 168 168 159 153 167 151 153 168 161 155 172 151 170 165 154 167 172 169 170 333 174 168 161 171 166 168 169 170 168 165 162 168 159 155 153 163 168 169 172 168 153 167 170 149 166 165 168 165 174 170 163 168 
165 168 167 156 165 157 167 160 162 167 165 166 168 167 166 153 155 172 168 171 155 168 157 176 172 167 154 155 173 157 160 339 168 173 160 168 171 174 170 172 153 167 151 155 154 165 161 168 171 168 160 167 166 155 160 152 172 168 159 168 153 153 155 172 
167 166 167 172 167 168 168 172 167 154 152 172 155 168 165 172 168 167 151 155 154 153 153 155 153 153 172 153 170 169 157 340 172 159 155 153 154 150 174 168 153 153 153 173 160 170 166 170 156 157 162 159 156 171 153 168 159 153 155 166 171 168 168 167 
160 153 168 156 168 167 153 168 155 154 163 168 153 159 163 157 166 164 153 172 153 167 153 172 168 167 151 164 153 169 158 339 168 169 174 174 149 157 155 151 155 156 157 165 162 167 159 168 168 169 162 155 153 159 165 154 167 154 153 165 168 174 165 170 
159 151 174 168 167 168 172 155 153 153 157 162 167 172 155 153 154 156 162 167 154 153 153 153 167 154 167 172 167 154 167 339 156 169 153 168 173 166 155 154 161 153 153 172 167 165 156 168 157 165 156 161 172 153 167 160 167 155 166 168 153 165 166 165 
155 154 153 168 150 174 168 153 153 167 166 165 156 168 152 172 168 167 168 153 171 156 153 157 153 162 155 153 171 156 157 335 153 155 154 163 153 153 168 155 157 155 154 153 159 159 153 156 167 168 169 168 168 159 153 153 156 171 168 167 172 167 154 167 
172 167 154 153 153 153 169 172 151 155 154 153 155 157 156 156 162 169 158 171 168 161 168 171 166 155 154 165 168 159 153 335 166 159 155 165 166 157 154 151 171 156 167 172 152 166 156 155 172 167 157 167 154 153 153 155 154 153 158 156 154 156 155 154 
153 155 166 153 171 162 167 172 168 171 156 159 169 158 155 157 153 155 172 153 168 169 154 153 156 154 168 168 170 156 166 333 167 160 173 166 170 159 171 166 168 167 166 159 168 153 167 160 153 162 167 153 153 153 0 234 0 4611 176 191 153 149 160 171 
159 168 162 171 159 168 161 168 163 149 160 159 161 160 159 155 157 149 160 165 167 153 150 159 159 151 162 147 152 148 155 331 153 143 157 153 161 151 162 153 159 162 159 165 162 161 3526 339 156 161 151 165 147 161 154 152 159 160 153 161 160 149 159 166 
152 160 162 159 159 164 165 145 161 145 155 160 159 161 162 159 153 160 153 152 160 161 165 160 149 160 159 165 161 160 161 160 341 154 161 159 165 151 162 153 159 162 159 153 161 151 162 152 148 162 161 159 163 161 160 161 165 160 149 160 148 163 148 159 
159 149 165 160 162 152 160 161 160 159 153 159 149 151 162 159 164 151 147 159 167 160 153 152 162 159 153 154 159 164 159 333 153 145 153 161 151 162 152 162 162 163 147 161 162 163 149 162 159 159 160 148 164 159 162 159 165 162 159 149 161 160 163 162 
158 160 162 158 160 162 159 161 162 165 145 161 160 161 161 149 162 161 160 148 163 148 161 147 161 163 150 163 147 150 161 337 161 151 149 145 153 153 149 151 162 152 160 159 162 159 168 153 159 149 153 161 160 163 162 153 153 147 161 153 160 159 161 160 
161 147 163 149 147 161 154 153 150 160 161 151 162 147 149 159 159 151 162 159 149 151 159 162 159 167 159 160 162 161 163 336 159 165 149 160 153 147 165 149 160 148 152 153 161 159 153 162 151 159 159 162 161 162 159 151 165 162 161 147 151 159 149 162 
159 161 163 160 164 159 157 162 159 159 164 159 166 159 159 162 159 149 159 165 159 160 155 154 161 163 147 162 159 165 162 333 153 149 166 148 164 165 162 159 162 153 161 151 155 160 159 153 159 162 153 159 163 154 163 159 147 162 161 151 163 160 159 166 
152 154 159 162 159 152 148 165 156 159 162 161 151 152 150 159 159 166 159 159 162 159 147 161 165 160 149 147 165 148 155 333 151 162 164 160 161 151 162 161 166 161 151 162 159 152 160 149 162 146 163 150 163 161 148 159 153 161 162 159 153 162 159 160 
165 149 163 159 162 161 160 152 160 159 153 162 149 151 159 153 159 149 160 161 153 165 148 159 153 153 159 162 161 160 152 334 153 152 160 153 161 148 149 159 163 147 168 152 160 150 161 163 153 159 162 159 147 153 162 159 159 159 162 161 151 149 160 153 
149 153 159 151 163 160 163 162 161 151 161 160 159 161 147 166 161 162 163 161 156 159 160 150 150 161 151 159 159 162 152 330 156 162 155 163 154 161 160 161 161 152 161 150 160 150 165 149 163 159 149 147 166 149 159 166 159 149 163 147 155 162 159 161 
164 159 164 151 165 149 151 150 161 151 161 159 153 165 160 149 160 159 165 161 148 159 161 162 163 162 159 152 160 164 153 337 156 159 153 149 163 159 147 168 159 162 148 160 151 161 151 150 164 148 159 165 149 160 149 165 151 149 162 159 165 160 161 153 
147 168 151 165 149 162 163 161 162 163 149 151 168 147 161 153 160 159 152 160 162 161 163 162 159 162 159 159 147 163 152 333 152 160 161 160 159 161 159 160 161 162 163 164 159 151 155 151 149 160 161 160 150 162 159 159 164 159 163 162 159 153 141 159 
164 159 166 159 159 162 152 159 160 162 161 159 162 163 159 162 161 160 159 153 159 164 159 166 152 160 159 162 147 161 160 336 155 148 165 155 147 165 148 159 162 150 155 145 155 147 162 163 162 146 151 149 162 159 166 147 159 161 162 159 150 160 149 160 
159 149 151 159 162 159 159 159 162 161 165 150 151 153 149 159 153 151 164 163 153 149 160 159 159 149 153 160 159 152 160 335 162 151 159 162 159 159 162 161 150 160 162 159 153 161 162 151 161 165 160 161 147 166 152 150 163 162 161 165 160 165 162 159 
162 159 161 160 161 163 161 160 161 160 153 161 145 161 160 149 151 159 163 152 161 150 160 162 159 161 153 147 166 159 147 335 151 168 161 151 164 151 161 153 162 159 150 160 162 153 159 161 147 162 163 159 151 164 149 160 165 149 150 160 161 151 162 161 
147 154 161 151 159 159 162 159 153 161 147 166 161 160 153 149 151 147 148 160 153 160 150 149 162 151 159 161 162 165 147 334 150 164 159 153 153 160 159 153 159 168 159 162 159 162 150 162 165 162 153 159 159 162 159 161 162 163 159 162 147 161 153 165 
148 159 147 161 162 159 151 153 147 159 153 161 160 149 159 151 162 147 152 160 159 153 162 161 160 148 154 151 159 161 153 331 151 164 153 159 153 162 147 153 161 165 160 153 147 161 154 159 152 160 153 161 160 161 151 162 149 159 161 163 160 155 160 159 
147 161 162 163 147 161 160 159 147 161 151 162 159 149 159 162 151 153 152 160 162 161 159 153 160 153 159 147 167 150 153 330 154 153 159 162 161 159 166 149 163 149 160 159 161 162 3519 333 147 151 153 155 160 152 148 152 159 150 160 150 162 159 159 162 
158 154 163 163 160 149 160 152 159 160 153 162 159 161 162 151 162 164 160 161 160 165 149 162 151 159 149 163 147 162 159 161 346 165 149 151 162 159 153 162 146 162 163 149 151 162 159 153 161 162 163 162 161 166 159 152 160 162 165 149 166 159 168 159 
152 160 149 160 148 164 159 164 159 151 147 161 162 150 160 161 145 153 156 148 163 160 162 161 159 153 147 166 159 147 153 335 162 151 161 161 163 160 149 162 150 160 149 163 147 162 161 163 149 162 163 149 162 159 153 159 153 165 150 163 162 159 161 154 
152 160 149 163 147 162 147 159 153 159 153 162 159 153 162 152 160 159 155 160 159 153 162 159 149 163 149 160 159 161 147 337 156 159 153 159 161 159 148 165 161 148 158 148 161 160 159 149 163 162 149 163 159 147 164 150 154 161 151 155 160 149 163 159 
162 161 160 161 160 150 150 156 149 160 161 161 149 162 152 160 149 145 161 162 159 153 147 165 148 159 162 150 162 149 163 329 153 165 148 159 159 162 153 159 159 162 159 192 0 195 4568 0 180 157 147 143 151 161 154 0 165 156 156 158 0 165 145 159 
128 0 0 0 0 0 0 0 0 0 0 0 0 0 0 0 0 0 0 0 0 0 0 0 0 0 0 0 0 0 0 0 0 0 0 0 0 0 0 0 0 0 0 0 0 0 0 0 0 0 0 0 0 0 0 0 0 0 0 0 0 0 0 0 
0 0 0 0 0 0 0 0 0 0 0 0 0 0 0 0 0 0 0 0 0 0 0 0 0 0 0 0 0 0 0 0 0 0 0 0 0 0 0 0 0 0 0 0 0 0 0 0 0 0 0 0 0 0 0 0 0 0 0 0 0 0 0 0 
0 0 0 0 0 0 0 0 0 0 0 0 0 0 0 0 0 5476 261 239 160 159 155 159 147 165 148 161 157 164 150 321 160 147 158 156 161 145 148 146 147 147 150 148 161 145 147 147 147 149 157 159 155 151 149 156 159 151 147 147 147 147 159 147 
159 159 158 159 147 147 147 146 145 148 146 147 147 147 147 147 146 145 148 146 147 147 147 147 147 146 145 148 146 147 147 319 152 150 159 159 160 159 147 159 156 161 157 159 155 153 160 159 159 158 159 147 147 150 156 159 145 156 164 160 143 159 151 155 
160 152 160 159 147 147 147 146 148 146 147 145 149 159 154 159 159 147 158 157 155 163 162 147 149 157 159 147 159 147 147 317 151 161 160 146 145 149 145 159 158 159 147 147 150 160 155 160 146 160 159 147 147 161 157 162 155 151 159 147 147 147 147 159 
155 154 152 160 159 143 157 147 155 162 147 146 145 148 146 147 147 150 160 155 160 147 158 156 151 143 160 146 145 159 161 313 153 155 162 147 146 149 158 145 159 152 148 147 159 159 147 149 160 155 145 159 147 147 147 146 145 149 145 147 147 147 147 147 
146 147 162 159 147 159 147 161 158 147 147 159 155 163 162 147 147 147 148 158 159 159 158 157 161 160 159 147 149 157 159 321 147 155 145 161 145 147 147 147 147 149 151 155 159 161 160 147 147 146 149 158 157 155 147 159 160 159 159 162 155 153 150 160 
149 162 146 149 158 157 147 161 145 147 147 159 155 162 147 146 145 148 146 147 151 159 156 159 147 147 159 159 143 159 148 318 147 159 159 158 159 147 147 147 146 145 148 146 147 151 146 148 159 147 149 157 162 158 148 146 147 145 147 147 162 155 157 159 
147 161 159 148 159 155 147 160 148 158 161 161 160 147 147 146 149 158 157 147 155 159 162 159 151 156 164 156 159 157 156 318 153 147 161 160 159 143 157 162 147 146 145 149 145 147 149 160 161 150 156 159 151 147 156 159 155 159 157 150 161 146 145 148 
146 147 147 147 151 159 159 149 160 146 159 148 141 146 156 159 147 147 150 156 163 147 147 155 160 155 151 161 160 146 145 320 150 150 156 161 154 144 160 149 157 161 160 147 146 159 148 159 147 159 147 147 159 149 160 159 153 155 166 147 159 159 155 162 
150 156 159 160 146 145 149 145 161 160 147 149 157 161 145 147 147 159 159 162 146 148 149 150 141 162 147 146 145 148 146 319 153 161 145 153 147 147 159 162 158 160 162 159 159 147 155 147 157 162 146 148 158 154 156 161 146 145 148 146 147 147 147 147 
147 150 156 157 147 159 149 145 159 161 148 147 159 155 157 149 160 146 145 162 155 159 147 147 147 147 147 146 145 148 146 319 153 149 159 159 160 155 157 162 159 152 156 161 145 160 7841 321 153 151 159 147 147 159 147 149 151 155 160 161 153 147 151 156 
156 158 156 154 153 159 162 147 147 159 153 161 145 149 145 147 159 149 157 162 146 147 148 159 147 159 159 158 146 160 157 149 331 163 149 162 146 147 145 149 159 160 161 160 147 159 159 143 159 148 150 149 153 147 160 146 160 147 159 159 149 160 159 159 
159 162 146 148 158 156 157 161 156 159 153 162 147 146 149 149 160 147 149 157 161 151 161 154 155 157 159 162 149 157 161 325 162 152 156 157 155 153 159 143 158 147 159 153 161 160 159 155 151 147 147 147 147 159 159 149 156 157 153 159 162 158 156 161 
145 148 146 147 147 147 151 155 157 149 160 146 145 161 160 155 147 151 156 159 152 156 157 161 160 159 161 159 160 146 148 314 153 154 146 145 149 147 161 160 157 149 159 148 146 147 147 159 145 149 151 159 147 149 157 162 146 148 159 155 153 145 161 160 
153 159 147 146 148 147 159 156 144 161 147 162 145 159 159 147 146 148 146 147 145 147 147 147 147 146 148 146 148 159 159 321 147 161 162 157 162 161 144 162 157 156 159 159 147 147 147 146 147 160 158 148 149 157 161 160 159 147 159 149 145 159 158 159 
147 147 147 146 145 148 146 147 147 147 151 155 157 149 160 146 160 155 160 150 147 159 156 152 156 159 160 146 160 159 155 319 155 153 159 160 147 149 159 160 161 159 147 147 150 160 159 161 160 146 148 146 147 145 149 159 156 157 162 159 153 159 149 160 
159 159 155 160 158 144 159 147 150 156 151 159 147 161 160 146 148 146 148 158 156 145 159 149 147 159 160 146 159 148 146 315 160 148 158 159 149 157 157 158 159 159 161 148 158 148 159 162 159 155 159 148 159 159 155 166 159 147 159 156 161 146 145 148 
146 147 147 147 151 155 157 149 160 146 156 157 149 151 149 159 145 159 149 145 147 149 159 160 148 158 159 156 150 161 156 320 152 146 160 155 159 145 156 161 159 163 158 157 147 159 161 159 150 150 156 145 159 147 153 147 159 149 160 153 158 154 156 146 
159 145 162 158 160 143 159 148 152 153 145 162 159 143 151 147 158 156 161 145 148 150 147 155 160 155 163 147 155 162 157 321 152 150 157 155 161 152 159 153 161 148 159 159 155 145 161 145 149 159 159 154 159 155 145 155 160 148 158 159 159 141 161 160 
159 159 161 160 146 148 146 147 145 147 147 147 147 146 148 159 147 143 159 153 145 147 159 153 158 157 155 159 148 150 147 321 147 159 159 147 147 147 159 143 159 160 146 160 159 155 160 159 147 159 149 145 147 147 147 147 147 146 145 149 145 147 147 147 
147 147 146 147 160 159 147 159 147 146 148 159 153 162 147 146 145 149 145 147 147 147 147 147 146 145 149 160 161 160 152 319 147 147 147 147 146 145 150 159 146 165 160 162 159 147 149 157 155 145 159 158 159 147 147 147 146 145 148 146 151 155 148 159 
159 159 147 156 161 146 145 148 146 147 147 147 147 147 146 145 148 146 147 147 147 147 147 146 149 149 159 160 146 156 159 321 153 160 152 156 157 161 160 159 159 158 157 161 160 159 161 157 162 159 155 147 160 146 145 149 145 147 147 147 147 147 146 145 
149 145 147 147 149 157 161 145 143 157 162 159 159 143 157 149 160 146 145 149 145 159 158 159 147 147 147 146 145 148 146 319 159 153 149 159 160 159 159 158 159 159 145 159 158 144 160 147 147 146 145 149 145 147 147 147 147 147 146 145 149 145 149 157 
162 158 148 147 159 156 156 162 146 156 159 162 159 145 159 147 147 147 147 147 146 145 149 157 158 157 147 155 166 159 147 322 149 147 158 159 147 147 147 146 145 148 146 147 147 147 147 150 160 159 158 157 161 160 159 159 155 160 161 157 162 147 146 145 
149 145 147 147 147 147 147 146 145 149 145 147 147 147 149 159 159 162 151 159 159 161 156 159 160 159 155 157 153 158 157 321 153 152 160 156 159 159 161 157 162 155 157 162 159 159 143 157 149 160 146 145 149 145 159 158 159 147 147 147 146 145 148 146 
147 147 147 147 147 146 145 148 146 147 147 147 147 147 146 145 148 146 147 147 147 147 147 146 145 148 146 147 147 147 147 316 153 158 157 161 160 159 159 155 160 159 159 161 159 156 159 160 159 156 159 146 160 147 158 156 161 145 148 146 147 147 147 147 
147 146 145 148 146 147 147 147 147 147 146 145 148 146 147 147 147 147 147 146 145 148 146 147 147 147 147 147 146 145 148 318 153 159 143 157 162 159 159 143 157 153 158 157 161 160 3405 321 149 147 157 161 145 147 147 149 157 161 145 147 159 147 147 161 
156 151 159 155 153 145 149 145 159 158 151 159 159 143 157 149 160 146 160 159 143 159 151 155 160 147 159 159 155 162 147 146 332 146 160 159 147 159 161 159 156 159 154 159 155 145 161 145 147 147 147 147 147 146 145 149 145 147 147 147 147 147 146 147 
153 151 158 157 159 150 159 159 147 147 149 157 161 160 159 155 153 159 145 162 158 156 161 145 148 146 147 147 147 147 147 318 151 147 155 160 159 159 161 159 156 159 160 159 156 159 152 156 157 161 160 159 159 158 157 161 160 159 159 155 160 159 159 161 
159 156 159 160 159 147 159 147 159 158 157 159 162 155 157 147 159 149 145 159 158 159 147 147 147 146 145 148 146 147 147 319 152 156 157 161 160 159 159 158 157 161 160 159 159 155 160 159 159 161 159 156 159 160 159 159 161 156 159 160 159 155 157 153 
158 157 161 160 159 159 155 160 159 159 161 159 156 159 160 159 156 159 146 160 147 158 156 161 145 148 146 147 147 147 147 316 149 160 146 145 149 145 159 158 159 147 147 147 146 145 148 146 147 147 147 147 147 146 145 148 146 147 147 147 147 147 146 145 
148 146 147 147 147 147 147 146 145 148 146 147 147 147 147 147 146 145 148 146 147 147 147 147 147 146 145 148 146 147 147 319 152 150 151 158 156 161 145 148 146 147 147 147 147 147 146 145 148 146 147 147 147 147 147 146 145 148 146 147 147 147 147 147 
146 145 148 146 147 147 147 147 147 146 145 148 146 147 147 147 147 147 146 145 148 146 147 147 147 147 147 146 145 148 146 319 153 155 157 162 159 159 143 157 149 160 146 145 149 145 159 158 159 147 147 147 146 145 148 146 147 147 147 147 147 146 145 148 
146 147 147 147 147 147 146 145 148 146 147 147 147 147 147 146 145 148 146 147 147 147 147 147 146 145 148 146 147 147 147 324 156 157 161 160 159 159 158 157 161 160 159 159 155 160 159 159 161 159 156 159 160 159 156 159 146 160 147 158 156 161 145 148 
146 147 147 147 147 147 146 145 148 146 147 147 147 147 147 146 145 148 146 147 147 147 147 147 146 145 148 146 147 147 147 318 145 162 158 156 161 145 148 146 147 147 147 147 147 146 145 148 146 147 147 147 147 147 146 145 148 146 147 147 147 147 147 146 
145 148 146 147 147 147 147 147 146 145 148 146 147 147 147 147 147 146 145 148 146 147 147 147 147 147 146 145 148 146 147 319 153 159 159 147 147 147 146 148 146 147 145 147 147 147 147 146 148 146 147 145 147 147 147 147 146 148 146 147 145 147 147 147 
147 146 148 146 147 145 147 147 147 147 146 148 146 147 145 147 147 147 147 146 148 146 147 145 147 147 147 147 146 148 146 315 151 161 156 159 159 160 159 159 158 159 159 160 159 159 155 153 145 149 145 159 158 159 147 147 147 146 145 148 146 147 147 147 
147 147 146 145 148 146 147 147 147 147 147 146 145 148 146 147 147 147 147 147 146 145 148 146 147 147 147 147 147 146 145 319 153 149 159 160 159 159 161 156 159 159 160 159 159 158 159 159 160 159 159 155 153 145 149 145 159 158 159 147 147 147 146 145 
148 146 147 147 147 147 147 146 145 148 146 147 147 147 147 147 146 145 148 146 147 147 147 147 147 146 145 148 146 147 147 319 152 156 157 161 160 159 159 158 157 161 160 159 159 155 160 159 159 161 159 156 159 160 159 156 159 146 160 147 158 156 161 145 
148 146 147 147 147 147 147 146 145 148 146 147 147 147 147 147 146 145 148 146 147 147 147 147 147 146 145 148 146 147 147 319 152 156 157 155 160 159 159 155 162 157 159 162 158 156 145 159 150 159 159 155 145 161 145 147 147 147 147 147 146 145 149 145 
147 147 147 147 147 146 145 149 145 147 147 147 147 147 146 145 149 145 147 147 147 147 147 146 145 149 145 147 147 147 147 318 150 159 159 155 145 161 145 147 147 147 147 147 146 145 149 145 147 147 147 147 147 146 145 149 145 147 147 147 147 147 146 145 
149 145 147 147 147 147 147 146 145 149 145 147 147 147 147 147 146 145 149 145 147 147 147 147 147 146 145 149 145 147 147 321 148 158 159 156 152 160 147 159 159 155 162 147 146 145 148 146 147 147 147 147 147 146 145 148 146 147 147 147 147 147 146 145 
148 146 147 147 147 147 147 146 145 148 146 147 147 147 147 147 146 145 148 146 147 147 147 147 147 146 145 148 146 147 147 319 152 156 157 161 160 159 159 158 157 161 160 159 159 155 3294 321 145 153 159 147 159 143 157 153 158 157 161 160 159 159 155 151 
149 160 159 159 161 156 145 159 147 153 159 162 155 157 147 159 149 145 161 159 143 160 151 146 156 159 145 156 161 157 161 160 332 156 159 147 147 147 147 147 146 145 148 146 151 147 156 159 152 156 157 161 160 159 159 158 157 161 160 159 159 155 160 159 
159 161 159 156 159 160 159 156 159 146 160 147 158 156 161 145 147 160 159 155 159 160 159 159 161 156 151 159 155 162 147 318 151 150 161 157 161 160 159 155 151 159 158 159 147 147 147 146 145 148 146 147 147 147 147 147 146 145 148 146 147 147 147 147 
147 146 145 148 146 147 147 147 147 147 146 145 148 146 147 147 147 147 147 146 145 148 146 147 147 147 147 147 146 145 148 318 153 159 153 158 159 147 147 147 146 145 148 146 147 147 147 147 147 146 145 148 146 147 147 147 147 147 146 145 148 146 151 155 
160 161 157 162 159 159 143 157 149 160 146 145 149 145 159 158 159 147 147 147 146 145 148 146 147 147 147 147 147 146 145 319 153 149 145 161 145 161 159 156 145 159 147 147 147 147 147 146 145 149 145 147 147 147 147 147 146 145 149 145 147 147 147 147 
147 146 145 149 145 147 147 147 147 147 146 145 149 145 147 147 147 147 147 146 145 149 145 147 147 147 147 147 146 145 149 319 152 156 161 145 148 146 147 147 147 147 147 146 145 148 146 147 147 147 147 147 146 145 148 146 147 147 147 147 147 146 145 148 
146 147 147 147 147 147 146 145 148 146 147 147 147 147 147 146 145 148 146 147 147 147 147 147 146 145 148 146 147 147 147 318 151 158 157 159 162 155 157 147 159 149 145 159 158 159 147 147 147 146 145 148 146 147 147 147 147 147 146 145 148 146 147 147 
147 147 147 146 145 148 146 147 147 147 147 147 146 145 148 146 147 147 147 147 147 146 145 148 146 147 147 147 147 147 146 317 156 161 157 161 160 159 155 159 160 149 159 147 147 147 146 145 148 146 147 147 147 147 147 146 145 148 146 147 147 147 147 147 
146 145 148 146 147 147 147 147 147 146 145 148 146 147 147 147 147 147 146 145 148 146 147 147 147 147 147 146 145 148 146 319 153 149 159 159 160 159 159 158 159 159 160 159 159 155 162 157 159 162 158 156 161 158 149 159 147 147 147 147 146 145 148 146 
147 147 147 147 147 146 145 148 146 147 147 147 147 147 146 145 148 146 147 147 147 147 147 146 145 148 146 151 155 160 147 320 151 150 161 146 145 148 146 147 147 147 147 147 146 145 148 146 147 147 147 147 147 146 145 148 146 147 147 147 147 147 146 145 
148 146 147 147 147 147 147 146 145 148 146 147 147 147 147 147 146 145 148 146 147 147 147 147 147 146 145 148 146 147 147 319 153 155 157 161 160 159 159 158 157 161 160 159 159 155 160 159 159 161 159 156 159 160 159 156 159 146 160 147 158 156 161 145 
148 146 147 147 147 147 147 146 145 148 146 147 147 147 147 147 146 145 148 146 147 147 147 147 147 146 145 148 146 147 147 319 146 160 147 158 156 161 145 148 146 147 147 147 147 147 146 145 148 146 147 147 147 147 147 146 145 148 146 147 147 147 147 147 
146 145 148 146 147 147 147 147 147 146 145 148 146 147 147 147 147 147 146 145 148 146 147 147 147 147 147 146 145 148 146 319 153 155 157 162 159 159 155 160 147 158 156 161 145 148 146 147 147 147 147 147 146 145 148 146 147 147 147 147 147 146 145 148 
146 147 147 147 147 147 146 145 148 146 147 147 147 147 147 146 145 148 146 147 147 147 147 147 146 145 148 146 147 147 147 318 151 158 157 159 162 155 157 147 159 149 145 159 158 159 147 147 147 146 145 148 146 147 147 147 147 147 146 145 148 146 147 147 
147 147 147 146 145 148 146 147 147 147 147 147 146 145 148 146 147 147 147 147 147 146 145 148 146 147 147 147 147 147 146 323 147 149 161 158 159 156 144 161 145 149 145 147 147 147 147 147 146 145 149 145 147 147 147 147 147 146 145 149 145 147 147 147 
147 147 146 145 149 145 147 147 147 147 147 146 145 149 145 147 147 147 147 147 146 145 149 145 147 147 147 147 147 146 145 321 149 151 159 162 147 159 147 147 147 146 145 149 145 147 147 147 147 147 146 145 149 145 147 147 149 157 161 147 160 159 159 161 
156 159 159 160 159 159 158 159 159 160 159 159 155 162 157 159 162 147 159 155 153 159 160 159 156 159 146 160 147 158 156 319 159 156 161 157 149 159 147 147 147 147 147 146 145 148 146 147 147 147 147 147 146 145 148 146 147 147 147 147 147 146 145 148 
146 147 147 147 147 147 146 145 148 146 147 147 147 147 147 146 145 148 146 147 147 147 147 147 146 145 148 146 147 147 147 318 154 159 159 147 146 148 146 147 145 147 147 147 147 146 148 146 147 145 147 147 147 147 146 148 146 147 145 147 147 147 147 146 
148 146 147 145 147 147 147 147 146 148 146 147 145 147 147 147 147 146 148 146 147 145 147 147 147 147 146 148 146 147 145 323 157 158 159 157 162 155 145 159 147 149 157 161 145 143 157 162 159 159 143 157 153 158 157 161 160 159 159 155 160 159 159 161 
159 156 159 160 159 156 159 146 160 147 158 156 161 145 148 146 147 147 147 147 147 146 145 148 146 147 147 147 147 147 146 317 153 155 160 159 159 161 159 150 151 147 159 155 162 147 146 145 148 146 147 147 147 147 147 146 145 148 146 147 147 147 147 147 
146 145 148 146 147 147 147 147 147 146 145 148 146 147 147 147 147 147 146 145 148 146 147 147 147 147 147 146 145 148 146 319 153 149 159 159 160 159 159 158 151 158 156 161 145 148 146 147 147 147 147 147 146 145 148 150 147 155 160 147 159 159 155 162 
147 146 145 148 146 147 147 147 147 147 146 145 148 146 147 147 147 151 155 157 149 160 146 145 149 145 159 158 159 147 147 316 162 158 156 154 159 159 147 147 147 146 145 149 145 147 147 147 147 147 146 145 150 159 159 159 147 146 148 146 147 145 147 147 
147 147 146 148 146 147 145 147 147 147 147 146 148 146 147 145 147 147 147 147 146 148 146 147 145 147 147 147 147 146 160 321 153 156 159 159 161 157 162 155 157 162 159 159 143 157 149 160 146 145 149 145 159 158 159 147 147 147 146 145 148 146 147 147 
147 147 147 146 145 148 146 147 147 147 147 147 146 145 148 146 147 147 147 147 147 146 145 148 146 147 147 147 147 147 146 323 149 157 156 159 159 161 159 156 159 160 159 156 159 146 160 147 158 156 161 145 148 146 147 147 147 147 147 146 145 148 146 147 
147 147 147 147 146 145 148 146 147 147 147 147 147 146 145 148 146 147 147 147 147 147 146 145 148 146 151 155 160 147 159 318 144 161 153 151 159 156 150 149 145 159 158 159 147 147 147 146 145 148 146 147 147 147 147 147 146 145 148 146 147 147 147 147 
147 146 145 148 146 147 147 147 147 147 146 145 148 146 147 147 147 147 147 146 145 148 146 147 147 147 147 147 146 145 148 318 147 159 159 158 159 147 147 147 146 145 148 146 147 147 147 147 147 146 145 148 146 147 147 147 147 147 146 145 148 146 147 147 
147 147 147 146 145 148 146 147 147 147 147 147 146 145 148 146 147 147 147 147 147 146 145 148 146 147 147 147 147 147 146 317 153 149 154 159 159 161 157 162 155 157 162 159 159 147 159 158 157 159 162 155 157 156 161 157 161 160 159 155 159 160 159 159 
161 156 159 159 160 159 159 158 151 158 156 161 145 148 146 147 147 147 147 147 146 145 148 146 147 147 147 147 147 146 145 319 153 149 159 160 159 159 161 156 159 159 160 159 159 158 159 159 147 161 145 148 146 147 147 147 147 147 146 145 148 146 147 147 
147 147 147 146 145 148 146 147 147 147 147 147 146 145 148 146 147 147 147 147 147 146 145 148 146 147 147 147 147 147 146 317 153 155 160 159 159 161 159 156 159 160 159 159 161 156 159 160 159 155 157 149 160 146 145 149 145 159 158 159 147 147 147 146 
145 148 146 147 147 147 147 147 146 145 148 146 147 147 147 147 147 146 145 148 146 147 147 147 147 147 146 145 148 146 147 319 147 159 159 155 162 147 146 145 148 146 147 147 147 147 147 146 145 148 146 147 147 147 147 147 146 145 148 146 147 147 147 151 
159 159 158 157 159 162 155 157 147 159 149 145 159 158 159 147 147 147 146 145 148 146 147 147 147 147 147 146 145 148 146 319 153 155 157 162 159 159 147 159 158 157 159 162 155 157 153 155 160 159 159 161 159 156 159 160 159 156 159 152 156 157 161 160 
159 159 158 157 161 160 159 159 155 160 159 159 161 159 156 159 160 159 159 161 156 159 160 159 155 157 149 160 146 145 149 319 161 151 161 156 159 159 160 159 159 158 159 159 160 159 159 155 162 147 157 161 160 159 155 151 159 158 159 147 147 147 146 145 
148 146 147 147 147 147 147 146 145 148 146 147 147 147 147 147 146 145 148 146 147 147 147 147 147 146 145 148 146 147 147 319 152 156 157 161 160 159 159 158 157 161 160 155 157 147 155 159 160 159 159 161 156 159 159 160 159 147 159 162 158 156 161 145 
148 146 147 147 147 147 147 146 145 148 146 147 147 147 147 147 146 145 148 146 147 147 147 147 147 146 145 148 146 147 147 319 146 160 147 158 156 161 145 148 146 147 147 147 147 147 146 145 148 146 147 147 147 147 147 146 145 148 146 147 147 147 147 147 
146 145 148 146 147 147 147 147 147 146 145 148 146 147 147 147 147 147 146 145 148 146 147 147 147 147 147 146 145 148 161 318 160 159 143 159 147 147 147 146 145 148 146 147 147 147 147 147 146 145 148 146 147 147 147 147 147 146 145 148 146 147 147 147 
