154 152 154 154 152 356 146 154 216 298 146 152 144 156 154 156 156 154 154 156 144 144 154 152 142 156 152 152 154 152 154 152 154 154 142 152 154 152 150 144 142 144 144 154 154 156 158 154 152 154 146 142 144 144 156 150 156 158 152 154 158 162 148 154 
156 156 154 156 154 154 152 154 304 144 154 152 154 152 146 154 152 152 154 152 152 152 156 154 144 154 156 156 140 154 154 156 144 154 154 154 154 154 152 154 154 154 154 152 154 140 154 154 154 146 154 156 154 158 154 152 154 154 140 154 154 152 144 156 
158 152 142 146 154 154 142 144 306 154 144 156 144 144 154 154 160 154 158 154 154 154 144 152 156 154 158 148 152 156 156 154 156 146 154 152 154 146 154 146 148 156 154 154 152 154 142 154 152 154 140 154 158 156 154 150 152 144 154 156 156 154 148 152 
144 154 154 152 154 154 154 156 314 146 154 150 144 154 156 152 152 154 154 152 152 144 154 152 152 144 154 154 154 156 154 154 152 154 154 152 142 154 140 154 154 152 152 152 154 154 156 152 144 154 154 152 154 142 152 144 152 154 152 154 156 154 154 152 
154 154 142 154 154 154 152 306 144 146 154 154 152 152 154 142 152 154 154 158 146 154 154 150 158 152 154 154 140 154 158 146 152 146 152 154 152 154 156 154 154 152 146 144 142 152 152 154 154 150 152 152 152 146 144 154 158 152 156 148 152 142 154 152 
154 156 156 148 154 152 154 316 150 154 154 152 144 142 154 152 152 152 158 156 148 152 152 154 154 140 156 154 146 142 152 152 154 156 152 142 154 154 144 144 154 152 156 156 144 152 152 144 152 146 154 154 146 154 144 152 154 150 146 148 148 152 154 154 
148 144 154 154 152 142 158 140 212 154 302 156 144 152 148 146 154 144 144 154 154 140 158 154 154 156 156 152 154 154 144 146 154 142 154 142 152 144 152 144 154 154 152 154 144 154 152 154 156 144 146 154 150 156 154 154 156 160 146 146 156 144 156 154 
140 154 154 156 148 152 156 158 306 152 154 156 158 152 154 156 152 154 142 144 156 142 156 154 144 152 156 154 158 146 144 154 152 142 142 154 154 154 144 156 146 156 152 156 144 152 152 142 148 146 154 152 154 144 154 154 154 154 154 152 144 156 154 146 
156 156 156 156 158 152 146 150 314 146 154 160 144 146 158 150 154 154 146 154 142 142 162 156 154 154 156 146 152 154 146 150 146 154 152 146 144 152 144 154 156 156 144 152 146 156 146 146 140 152 154 156 156 152 154 148 156 142 154 152 144 154 146 152 
148 154 152 152 154 144 144 154 304 156 144 144 154 156 156 156 154 152 148 144 152 156 154 146 152 154 154 152 156 156 146 156 148 152 154 156 152 152 154 154 152 152 152 156 144 154 144 154 152 154 154 144 154 152 154 142 152 156 140 144 154 144 154 138 
144 158 144 154 144 156 152 156 308 144 150 144 152 154 158 162 156 160 156 156 154 152 154 152 158 160 148 154 154 142 144 154 148 156 146 152 156 146 144 152 154 154 154 154 152 154 154 156 152 152 154 146 156 152 154 152 158 154 154 156 7654 156 156 150 
144 146 148 146 142 150 156 152 314 148 146 158 152 152 156 156 152 162 166 144 152 148 152 154 152 156 148 152 142 158 154 154 146 140 154 154 144 144 146 154 154 154 160 154 148 158 146 158 150 156 146 154 146 144 152 152 144 154 152 144 158 156 152 154 
156 154 154 144 156 154 152 152 298 156 156 154 154 156 144 152 146 140 156 158 148 152 152 158 154 158 144 146 154 154 152 154 154 156 152 152 148 142 148 154 156 154 156 154 156 154 154 154 152 154 154 158 148 154 148 154 152 152 158 154 146 156 148 152 
148 154 156 158 152 156 154 152 308 154 148 158 152 156 142 146 144 154 158 172 158 158 146 140 154 140 154 162 158 150 156 140 146 162 156 152 154 158 144 154 154 154 154 154 144 144 142 156 146 144 156 152 160 142 160 160 164 156 146 144 160 154 148 144 
146 152 152 154 148 152 158 146 304 166 154 154 150 142 146 158 158 144 150 156 140 156 146 146 148 150 146 156 162 158 152 146 164 142 150 152 152 146 152 154 156 152 162 166 152 156 156 178 158 156 156 162 156 162 152 152 156 148 150 144 154 144 148 152 
146 146 144 144 146 146 144 152 302 158 146 146 152 154 150 154 150 148 160 140 152 146 154 152 154 162 148 146 154 158 150 158 142 154 150 156 154 150 152 152 154 146 160 156 148 148 158 154 152 158 158 150 158 150 144 148 144 144 160 160 146 154 154 0 
100 156 144 158 160 156 144 304 150 144 154 158 146 150 154 152 154 160 160 150 146 154 152 152 156 156 156 154 148 152 154 154 144 154 152 140 144 154 152 154 148 154 146 148 158 152 152 154 140 154 154 144 152 156 158 162 148 154 148 154 140 146 154 152 
152 148 154 150 154 154 152 152 214 156 154 150 154 154 154 154 154 152 158 146 158 146 156 146 158 154 152 154 154 0 100 100 100 100 100 100 100 100 100 100 100 100 100 100 100 100 100 100 100 100 100 100 100 100 100 100 100 100 100 100 100 100 100 100 
100 100 100 100 100 100 100 100 100 100 100 100 100 100 100 100 100 100 100 100 100 100 100 100 100 100 100 100 100 100 100 100 100 100 100 100 100 100 100 100 100 100 100 100 100 100 100 100 100 100 100 100 100 100 100 100 100 100 100 100 100 100 100 100 
100 100 100 100 100 100 100 100 100 100 100 100 100 100 100 100 100 100 100 100 100 100 100 100 100 100 100 100 100 100 100 100 100 100 100 100 100 100 100 100 100 100 100 100 100 100 100 100 100 100 100 100 100 100 100 100 100 100 100 100 100 100 100 100 
100 100 100 100 100 100 100 100 100 100 100 100 100 100 100 100 100 100 100 100 100 100 100 100 100 100 100 100 100 100 100 100 100 100 100 100 100 100 100 100 100 100 100 100 100 154 156 226 154 154 154 152 152 154 154 156 152 152 154 156 150 152 154 158 
152 146 154 156 142 154 144 148 310 158 156 144 156 154 154 156 152 158 156 154 152 144 144 156 156 152 152 154 152 152 152 154 148 144 156 154 148 158 154 156 160 148 148 146 158 160 146 154 158 158 158 166 0 100 0 100 100 100 100 100 100 100 100 100 
100 100 100 100 100 100 100 100 100 100 100 100 100 100 100 100 100 100 100 100 100 100 100 100 100 100 100 100 100 100 100 100 100 100 100 100 100 100 100 100 100 100 100 100 100 100 100 100 100 100 100 100 100 100 100 100 100 100 100 100 100 100 100 100 
100 100 100 100 100 100 100 100 100 100 100 100 100 100 100 100 100 100 100 100 100 100 100 100 100 100 100 100 100 100 100 100 100 100 100 100 100 100 100 100 100 100 100 100 100 100 100 100 100 100 100 100 100 100 100 100 100 100 100 100 100 100 100 100 
100 100 100 100 100 100 100 100 100 100 100 100 100 100 100 100 100 100 0 100 100 220 280 154 158 148 142 156 140 154 156 158 156 154 152 152 154 144 154 154 154 154 150 152 156 148 154 156 146 150 152 144 144 152 158 144 152 154 158 156 142 144 158 144 
154 146 152 146 158 142 152 306 144 156 156 152 152 152 154 154 144 154 154 154 154 152 154 154 158 142 144 152 152 154 154 156 154 152 152 146 152 146 154 144 146 156 142 146 154 152 154 154 140 154 154 156 144 154 144 156 156 152 154 140 154 154 154 154 
152 154 156 156 156 152 152 156 302 154 142 144 144 142 154 154 154 142 156 154 150 150 156 156 156 144 154 154 154 170 154 154 152 152 156 156 140 154 156 156 156 158 142 154 154 152 144 154 156 152 152 144 146 154 144 152 154 154 154 154 3536 144 154 300 
146 154 154 154 150 152 154 160 304 148 144 154 148 146 156 156 152 154 144 146 154 154 154 144 150 146 154 144 144 154 144 144 144 146 154 152 152 148 154 148 146 154 154 150 158 154 154 152 152 154 154 154 154 152 160 160 148 150 152 154 154 154 152 152 
148 144 156 156 144 152 154 154 302 146 154 154 152 154 156 140 152 154 158 144 152 154 140 154 154 154 154 152 154 158 154 154 152 152 154 140 144 156 146 146 148 152 142 152 152 156 154 154 152 152 158 154 142 152 154 154 156 152 154 154 154 140 158 144 
152 156 154 148 152 154 154 154 304 148 150 152 152 154 154 142 156 158 146 152 152 154 154 140 158 154 154 152 152 154 154 144 154 154 154 154 144 146 152 152 154 154 154 152 154 154 154 140 154 156 144 154 154 152 152 152 154 158 154 154 152 154 144 160 
154 154 154 158 152 154 152 146 302 148 154 154 152 154 154 156 144 154 144 150 154 144 152 152 156 140 156 154 154 154 152 152 154 150 144 156 146 156 156 158 154 154 144 146 148 144 156 142 152 156 154 154 152 142 144 146 152 150 152 154 152 154 152 156 
152 156 154 152 154 154 140 154 306 152 152 146 148 152 154 154 154 154 154 154 156 142 148 150 152 152 152 154 152 144 156 154 152 156 156 154 154 154 156 150 154 144 144 156 154 142 154 154 152 152 154 146 148 154 158 154 154 148 156 154 150 152 146 154 
144 156 158 158 154 154 146 156 306 144 154 156 152 152 144 142 154 144 158 154 154 158 152 152 152 154 156 144 154 158 158 154 144 142 154 144 154 150 152 152 154 154 152 154 146 144 152 154 152 152 144 144 158 156 154 154 144 152 154 154 154 154 146 156 
154 152 152 156 154 154 154 156 306 144 148 156 156 144 154 158 148 158 144 156 152 154 152 154 156 144 152 154 154 154 152 152 154 148 152 154 154 154 144 154 154 144 154 156 154 156 144 154 154 156 144 146 154 152 152 148 156 142 156 154 156 142 154 150 
154 152 154 144 152 156 154 154 304 146 154 144 154 142 152 160 154 154 140 144 146 154 150 152 146 154 142 142 142 150 140 144 152 152 154 152 144 154 154 142 148 154 152 150 154 148 154 152 154 160 154 150 144 150 152 152 154 150 156 156 142 154 154 154 
154 154 154 154 152 154 146 144 304 144 144 152 158 152 158 156 154 152 152 154 154 142 154 154 154 144 156 144 152 152 154 154 142 156 154 154 152 152 154 154 140 154 144 154 154 144 154 154 156 144 152 142 156 152 152 154 140 152 156 140 152 148 140 154 
144 152 154 154 142 144 154 152 304 148 154 154 156 142 152 154 154 156 152 152 156 146 152 154 154 152 152 152 144 142 146 154 152 154 156 152 152 152 156 156 156 144 154 156 154 150 152 154 158 154 154 152 152 154 150 152 152 146 142 156 146 142 154 154 
156 148 156 152 152 146 154 156 306 148 142 152 154 150 152 156 146 144 146 156 154 154 152 154 140 154 156 150 152 152 144 152 152 156 158 160 154 154 152 154 146 154 152 154 156 142 154 146 156 152 152 154 158 152 152 152 158 154 142 152 144 154 144 152 
148 154 154 154 154 152 154 154 312 146 154 158 158 154 154 144 144 152 154 158 154 154 152 152 156 144 152 154 156 158 154 154 144 158 150 152 152 142 152 152 154 156 152 152 154 154 140 144 144 154 154 150 158 152 154 158 158 154 144 156 156 158 158 148 
146 158 154 156 140 144 154 304 144 152 144 152 152 154 160 144 152 154 156 142 152 154 150 152 156 156 154 154 152 152 154 156 154 158 154 152 154 158 150 142 154 156 144 154 154 144 152 154 144 146 146 152 152 154 156 144 154 154 154 154 152 144 154 144 
142 154 152 154 154 154 152 144 298 146 144 154 144 160 156 152 154 154 140 156 150 152 108 0 100 100 100 100 55 0 100 100 100 0 100 100 100 0 100 100 100 172 196 182 194 188 192 192 194 192 190 194 192 194 176 194 182 192 178 196 192 194 192 192 
194 192 192 194 192 194 176 394 182 190 196 186 180 192 190 194 174 200 196 178 190 192 196 190 192 194 190 178 194 194 190 178 192 192 194 192 178 192 192 174 194 192 196 174 178 194 190 192 192 196 198 192 178 192 194 192 190 196 178 192 190 196 178 192 
178 194 176 194 192 178 192 388 184 188 192 192 194 192 192 186 176 180 182 194 192 192 194 192 176 192 190 194 192 192 198 178 192 194 178 194 194 192 190 178 192 196 180 194 174 196 178 192 178 188 192 188 184 192 192 196 180 176 192 190 4876 174 194 388 
180 180 192 194 192 196 192 192 394 192 192 182 192 192 194 180 192 192 194 192 178 192 196 182 192 178 192 180 190 190 180 194 192 190 184 188 174 180 198 178 178 196 192 176 178 192 194 192 192 190 194 192 192 194 192 194 176 194 192 190 180 194 180 182 
178 194 192 194 178 194 192 178 390 194 192 192 196 182 178 194 178 192 192 194 192 192 178 194 190 192 176 192 178 192 176 190 194 180 192 178 196 190 192 190 196 192 184 190 192 192 196 180 194 192 182 188 194 192 192 196 178 192 178 180 196 192 194 190 
194 196 190 194 176 178 194 180 390 192 194 192 192 194 190 180 176 192 176 192 190 194 192 192 196 188 174 196 176 192 192 194 194 192 176 194 192 190 196 192 194 192 192 194 190 192 192 194 192 178 190 182 176 194 192 180 194 192 182 196 186 190 192 192 
194 192 190 182 176 196 192 196 400 192 178 180 196 192 196 180 190 180 196 186 192 196 188 184 180 194 180 192 180 192 184 180 194 190 190 198 190 192 180 196 182 196 182 194 192 192 196 182 194 192 190 180 194 192 190 180 196 192 196 180 190 180 196 188 
192 180 196 182 188 194 184 392 192 196 174 190 180 196 198 192 194 192 194 188 178 176 192 194 192 184 192 192 190 176 176 192 192 194 192 190 184 192 192 194 188 192 196 186 194 178 200 192 178 180 180 194 192 190 196 194 176 190 180 196 182 194 192 190 
184 194 180 184 192 180 184 180 390 196 192 190 180 194 192 192 196 192 194 192 178 190 190 196 180 192 194 192 196 174 194 190 194 176 190 180 196 182 194 192 190 180 194 192 190 180 194 192 178 192 194 190 194 178 194 192 190 180 194 192 190 180 194 192 
190 180 196 192 196 180 190 180 392 192 192 176 192 194 192 192 194 192 188 192 176 192 194 192 190 194 192 192 196 180 186 192 194 186 190 176 194 192 190 192 196 188 192 190 184 192 192 196 188 192 194 186 176 190 196 188 192 192 194 192 190 178 194 184 
194 184 194 184 194 174 194 192 270 190 388 182 192 196 182 192 192 190 176 192 192 196 180 194 190 180 192 194 190 192 176 192 192 196 182 182 192 176 180 176 174 184 176 174 176 192 190 196 178 190 192 180 196 192 176 178 192 188 196 192 194 178 192 194 
176 190 194 192 192 194 192 198 390 180 194 190 178 180 190 190 194 176 182 192 192 194 192 190 192 192 182 190 192 198 190 198 190 194 174 194 194 194 174 194 190 178 180 176 192 180 178 192 176 178 196 180 192 180 194 192 192 194 190 192 180 194 192 190 
196 192 194 194 178 192 192 194 390 194 192 192 196 198 194 196 192 196 180 192 192 194 180 176 192 182 174 194 194 178 190 180 188 176 176 192 192 194 182 198 192 176 192 194 192 190 194 178 192 192 196 190 180 178 200 178 176 180 192 196 180 196 198 190 
182 192 196 180 190 180 196 182 398 190 194 176 176 182 188 190 180 192 190 194 192 192 194 192 194 186 186 192 180 198 184 194 188 194 192 192 176 192 180 194 178 180 196 194 192 194 194 188 188 178 190 184 192 192 194 174 194 194 194 192 196 192 190 192 
194 190 192 196 190 192 194 194 270 176 382 192 192 194 198 188 192 194 178 192 192 196 192 180 194 192 180 194 174 194 190 190 192 178 190 194 192 188 192 180 194 180 192 194 178 192 176 190 192 192 182 188 186 192 190 196 196 180 196 192 180 184 192 186 
178 192 192 196 180 190 178 196 390 192 194 192 192 196 190 190 178 178 190 180 188 194 178 180 194 176 180 194 192 192 196 190 194 186 194 190 192 180 194 194 200 194 192 176 194 178 190 194 194 178 190 194 194 178 194 194 192 176 190 196 180 192 182 186 
194 190 192 194 192 190 182 176 380 196 198 176 192 186 194 178 176 192 190 194 192 178 180 192 190 176 196 192 194 174 194 174 176 196 190 192 192 196 180 194 174 196 178 190 192 180 176 190 194 194 194 190 178 192 176 192 186 176 174 178 196 194 180 186 
188 190 190 184 194 180 178 194 388 192 192 196 178 192 180 194 192 192 196 186 190 198 186 178 194 186 176 194 192 188 182 178 194 192 192 196 182 184 192 176 190 186 174 180 192 186 178 194 192 192 192 180 190 176 192 192 194 192 192 190 194 192 178 192 
194 192 180 200 194 192 196 194 382 192 176 182 176 192 176 180 190 180 194 192 192 194 192 190 192 196 180 178 190 178 194 178 190 178 190 174 192 186 194 174 182 190 192 188 192 194 192 194 184 192 182 186 176 178 196 178 192 196 192 194 4728 174 176 390 
184 192 192 196 180 192 176 190 394 192 192 178 196 180 192 182 192 196 192 176 192 192 196 180 192 176 184 192 192 196 182 194 192 192 196 180 192 176 184 192 192 194 192 192 194 192 194 180 192 192 184 178 192 192 196 180 192 176 190 194 192 192 196 178 
180 188 192 196 178 192 190 194 388 180 184 182 192 192 196 180 192 176 192 192 192 192 194 192 190 192 176 190 180 196 180 194 192 192 196 190 192 190 176 190 196 178 178 192 190 196 192 190 194 180 192 178 196 194 194 192 192 196 180 192 176 178 190 194 
192 192 196 180 192 176 192 194 388 194 194 180 194 176 190 196 178 192 190 196 178 192 178 192 182 192 194 174 192 194 192 192 194 192 180 176 190 196 182 178 192 178 178 196 190 198 190 180 180 196 182 196 194 178 182 192 182 176 192 194 192 178 190 196 
180 176 192 192 194 192 192 194 390 192 194 192 192 182 174 178 194 190 192 188 192 194 192 182 176 192 184 194 176 190 194 194 178 190 194 192 196 178 180 192 192 182 190 192 196 194 178 190 194 194 178 190 194 194 180 194 192 192 196 180 194 192 192 190 
188 194 196 194 192 180 194 192 388 182 194 192 194 190 192 192 180 194 192 194 192 194 194 192 190 196 176 192 192 194 178 192 192 196 178 192 190 196 178 192 190 196 190 192 190 176 190 194 178 192 192 196 178 192 190 196 190 192 194 192 194 176 190 178 
182 178 192 192 194 178 192 190 382 194 192 190 194 192 192 196 180 192 176 190 194 194 184 178 192 192 178 194 192 192 196 180 192 176 192 194 192 194 176 182 188 194 180 180 194 176 176 194 192 180 194 192 192 194 180 192 196 176 192 192 196 178 176 192 
176 190 192 176 192 192 194 388 180 180 194 176 184 192 178 196 190 192 190 196 180 190 190 194 188 180 192 180 194 192 176 194 178 190 194 194 178 190 194 194 178 190 194 194 178 178 192 196 180 194 192 192 196 180 192 194 180 192 196 176 178 180 198 190 
192 192 194 192 180 194 194 394 192 180 194 176 182 192 192 196 180 196 192 190 178 180 180 194 176 174 184 178 174 194 192 194 176 184 192 192 178 194 194 194 192 194 188 176 192 188 176 192 176 192 194 192 190 194 192 192 190 176 186 192 196 192 192 176 
194 192 192 194 192 192 194 388 180 184 184 192 190 196 178 192 190 184 192 192 196 188 192 194 186 176 194 186 176 192 186 192 176 190 194 194 196 192 178 192 176 178 192 196 180 194 184 194 186 194 192 190 186 192 184 192 186 192 192 186 192 186 192 194 
182 190 196 192 194 192 192 196 396 174 194 190 190 192 190 196 178 180 192 196 180 192 194 192 190 194 174 176 192 194 192 194 176 194 192 192 196 180 196 178 192 192 194 192 178 192 194 192 190 194 174 196 180 192 194 182 196 178 192 192 182 192 192 190 
194 192 190 194 174 194 194 196 396 192 192 194 190 192 192 196 180 190 194 194 178 190 194 194 178 190 194 194 178 190 194 194 178 190 194 194 178 190 194 194 178 178 196 190 180 192 194 192 178 192 194 192 178 180 190 196 178 192 180 200 194 190 192 176 
192 196 194 176 178 192 194 192 394 192 192 196 184 182 192 192 196 180 190 194 192 196 192 176 194 178 190 194 194 178 194 192 176 194 178 192 192 194 178 192 194 176 186 196 192 196 180 190 178 196 174 192 186 198 194 190 188 180 182 202 176 194 186 192 
192 196 192 194 176 190 194 194 394 182 186 180 178 198 180 178 192 194 180 174 196 194 192 196 194 176 186 188 178 190 196 192 178 194 174 178 194 192 192 194 192 192 194 192 190 178 198 190 192 178 190 194 180 196 190 174 194 192 192 196 180 194 174 194 
194 194 178 174 190 188 178 190 390 182 192 188 200 180 192 176 190 196 194 176 194 186 182 178 192 176 192 190 190 190 180 178 194 192 190 180 180 176 178 194 180 192 180 178 194 192 176 194 202 176 180 194 192 198 180 192 194 180 192 176 182 194 90 0 
100 100 178 181 159 22 0 100 100 183 188 185 176 183 165 169 168 175 175 173 168 163 169 151 173 173 170 179 187 169 188 165 165 150 157 134 168 173 189 147 175 151 174 181 150 179 126 154 137 153 150 168 166 144 185 186 160 172 166 152 139 124 153 148 
141 142 134 184 146 177 188 188 376 154 198 168 144 169 168 195 161 43 0 100 189 195 185 191 191 174 185 176 186 168 170 185 155 191 193 182 175 187 185 172 188 188 173 180 187 184 181 180 170 187 174 185 189 184 187 185 167 183 177 168 4682 187 191 374 
175 176 192 176 170 183 184 172 375 191 150 184 168 172 186 184 176 173 176 195 170 170 172 178 182 182 177 187 182 179 183 191 174 186 145 0 100 100 100 100 189 171 172 180 183 159 186 181 171 170 191 174 183 173 149 171 163 112 108 184 162 174 187 168 
173 174 192 184 197 187 168 163 375 183 170 188 177 165 182 177 180 176 182 174 176 171 172 166 179 164 170 177 166 176 162 184 173 20 0 100 153 165 177 169 164 162 187 173 175 159 176 162 182 156 165 154 189 136 138 145 155 171 173 151 165 133 156 159 
133 150 151 138 151 177 183 186 249 0 100 100 154 166 148 141 172 166 139 132 143 176 190 187 187 185 190 189 188 185 171 163 183 179 196 185 191 186 179 176 188 192 188 181 171 174 178 175 138 172 175 185 182 192 190 181 187 185 179 171 178 185 172 188 
176 191 185 182 180 194 187 162 292 147 111 167 188 166 32 0 100 192 152 127 182 183 171 177 188 180 182 182 147 185 182 172 185 162 189 182 194 187 125 112 143 139 191 184 187 195 163 184 165 187 154 189 168 169 137 164 191 192 190 183 159 185 163 178 
180 188 147 146 159 167 188 188 366 187 179 191 172 192 191 190 165 191 193 185 187 190 189 191 189 190 185 179 192 190 188 187 187 188 182 189 192 189 192 175 191 187 190 184 183 184 186 183 186 183 183 173 188 186 183 187 187 193 188 186 193 184 181 173 
183 179 184 181 180 171 190 188 375 191 187 161 189 187 186 184 181 182 187 178 179 188 181 171 192 190 171 188 187 175 185 192 182 182 190 173 162 192 191 190 187 191 182 194 190 193 182 177 171 187 190 163 183 185 166 180 185 175 191 191 188 178 170 175 
185 177 172 188 184 164 181 179 379 179 170 175 169 182 188 169 185 184 184 185 183 178 193 171 192 171 189 190 196 190 186 184 68 0 100 100 186 181 185 167 172 190 158 183 170 161 175 179 155 178 169 175 152 174 151 116 56 44 51 17 15 14 0 100 
100 42 103 85 97 104 89 99 182 102 90 104 103 133 132 139 134 129 132 127 123 137 135 137 121 137 131 108 104 93 107 112 127 114 120 134 115 121 71 19 30 29 30 28 83 102 104 103 99 137 129 137 132 136 118 142 136 132 136 116 132 136 136 126 
119 129 132 111 126 140 138 264 129 136 126 133 136 132 30 0 100 100 100 100 126 128 128 135 132 135 123 125 137 133 137 129 133 126 134 132 132 134 133 134 128 116 133 128 138 133 128 115 116 125 130 135 134 133 130 129 136 122 132 132 120 127 127 133 
133 134 129 125 126 122 131 138 263 120 139 131 132 105 118 122 114 123 133 135 125 113 120 131 135 138 109 125 128 135 136 111 132 101 112 101 124 134 139 132 135 136 135 129 132 135 119 138 136 131 137 124 135 121 135 136 127 130 134 125 133 138 135 125 
123 109 123 96 0 100 100 100 100 121 141 120 139 128 128 124 117 137 132 136 133 134 119 134 116 104 103 127 115 129 124 132 127 131 135 133 135 125 130 124 129 129 123 127 127 122 116 138 138 108 135 119 145 138 138 137 132 125 132 136 134 132 133 137 
124 132 134 135 123 137 139 135 263 130 126 136 133 129 140 132 131 124 130 118 134 135 132 112 128 129 137 123 138 137 136 130 138 138 137 129 136 142 136 132 125 136 137 138 118 114 111 98 90 118 132 126 127 131 134 133 140 141 130 131 122 116 140 117 
125 128 131 131 126 128 139 261 122 118 121 132 137 129 118 118 135 119 133 131 135 133 136 136 134 130 132 136 135 136 113 2 0 100 100 100 137 136 129 128 122 138 127 132 122 118 122 141 134 136 130 133 132 136 132 135 141 126 137 126 135 135 127 136 
133 122 134 133 134 127 125 264 126 134 133 134 117 136 139 135 134 136 136 128 131 137 136 132 139 132 126 124 128 121 127 128 128 119 122 123 116 137 128 132 128 121 122 129 135 129 126 136 122 120 135 114 119 106 108 123 106 87 118 118 133 137 134 136 
125 132 129 128 134 125 117 130 233 126 129 137 131 115 115 137 130 132 133 141 137 124 131 136 138 139 132 131 131 134 124 124 131 134 134 119 106 98 0 100 100 100 100 100 100 100 124 132 124 127 136 136 127 133 137 131 140 128 127 119 135 125 132 133 
123 143 134 134 131 128 134 138 180 63 0 100 100 0 100 100 100 100 100 0 100 100 100 0 100 100 100 100 100 132 142 165 169 159 163 118 149 151 158 144 157 162 166 156 137 135 164 142 139 155 166 162 163 146 136 138 164 163 139 147 3431 164 127 334 
170 170 167 155 121 117 138 125 261 122 41 0 100 100 100 145 166 149 112 102 155 152 167 156 149 164 158 153 163 151 159 160 145 172 136 154 164 164 118 145 162 163 142 150 157 162 151 117 124 132 161 160 164 144 138 133 162 151 114 144 165 157 158 168 
155 133 134 152 161 138 129 127 282 154 131 140 167 146 118 113 114 130 134 161 159 164 155 151 142 148 168 154 146 152 164 152 170 153 166 155 160 158 155 150 140 159 163 152 145 162 150 130 121 130 149 164 145 133 112 119 0 100 100 100 100 100 100 135 
118 102 129 142 149 124 115 103 235 125 115 115 133 147 120 128 127 120 158 149 156 118 125 133 130 107 116 129 123 147 147 123 149 145 131 131 0 100 100 100 100 100 100 135 138 142 151 160 131 150 159 151 168 148 151 135 161 161 168 154 154 153 159 164 
159 151 164 165 166 162 148 158 320 157 161 140 127 138 152 167 144 154 155 141 162 165 152 160 144 65 0 100 100 100 140 147 153 169 162 152 158 157 159 143 160 163 168 162 154 165 131 167 153 154 161 164 151 157 163 168 164 146 169 156 129 161 153 168 
147 145 152 134 159 149 140 139 325 153 160 144 156 156 62 0 100 100 100 153 161 156 150 165 154 145 109 152 174 161 141 141 136 138 144 140 167 144 170 154 128 157 136 169 160 139 157 126 158 169 154 132 144 150 145 137 141 144 141 150 143 162 143 158 
154 23 0 100 100 150 117 113 303 145 151 122 153 157 144 140 162 150 133 158 152 140 167 157 161 156 154 139 111 0 100 100 100 100 100 135 163 162 149 122 173 159 166 147 157 147 143 146 128 167 169 145 138 142 146 155 148 162 146 140 153 116 144 123 
134 94 147 145 153 158 141 143 308 138 0 100 100 100 100 100 100 136 135 123 129 132 116 152 165 128 133 138 161 149 144 158 141 153 155 120 136 157 155 154 149 165 173 160 147 116 0 100 100 100 100 100 100 100 100 100 100 171 168 170 170 168 166 170 
168 170 160 170 170 170 168 338 160 170 166 170 156 164 170 170 170 158 168 166 154 170 156 168 154 172 172 158 170 170 168 168 170 160 164 168 172 154 168 170 166 162 158 174 172 170 164 160 154 170 166 172 172 162 172 156 168 162 170 172 156 168 170 158 
162 158 166 170 166 170 158 340 170 168 168 168 168 166 164 170 170 170 168 172 166 168 154 158 156 170 156 170 154 170 172 166 170 154 170 154 170 166 168 170 158 168 170 168 172 158 170 170 170 166 168 170 168 166 170 166 170 174 158 170 170 170 170 166 
158 154 170 166 168 168 172 172 338 170 158 170 170 168 156 168 156 168 156 168 156 168 156 168 158 168 168 170 166 168 168 168 160 168 168 160 158 170 168 160 168 168 172 156 156 170 172 158 170 154 162 158 170 172 158 170 154 158 164 154 170 154 174 1324 
422 394 330 160 166 166 166 168 310 168 168 162 168 168 162 168 168 154 166 168 168 166 172 172 162 162 166 168 166 166 164 162 168 172 166 162 158 166 156 168 168 166 162 166 168 166 166 160 166 168 170 166 160 152 168 166 164 170 160 168 166 168 164 158 
166 162 174 154 168 168 168 0 100 168 168 162 168 168 166 164 156 168 170 166 158 166 168 160 172 162 168 168 170 168 170 158 168 166 166 170 168 164 168 166 168 168 164 172 158 154 166 168 160 170 154 168 168 156 168 166 168 168 160 170 170 170 168 160 
166 162 164 160 166 172 166 158 306 166 168 166 158 166 170 158 166 168 156 168 166 160 156 160 170 154 162 154 170 168 154 162 166 158 166 164 166 162 166 170 170 152 162 166 170 168 166 170 158 162 166 162 166 158 168 168 154 164 168 168 168 168 166 166 
154 164 156 160 166 164 170 162 308 166 156 166 0 100 170 154 168 168 160 166 172 166 166 168 160 172 162 168 168 166 158 152 160 156 160 166 158 172 160 166 170 166 168 168 166 168 160 166 168 166 168 168 166 162 170 158 168 164 168 170 154 166 168 0 
100 156 164 168 156 162 168 168 306 168 160 166 166 152 162 164 164 170 170 170 168 166 166 166 166 162 166 164 164 170 172 168 166 154 166 168 170 166 170 162 164 166 166 158 166 180 154 168 160 166 168 152 170 168 168 166 172 160 164 168 166 168 170 0 
100 156 174 162 166 156 160 166 306 168 164 166 166 168 168 168 168 166 162 172 166 166 168 170 166 162 168 168 170 162 170 156 162 166 170 168 168 158 170 164 162 164 168 172 164 168 166 170 160 168 160 156 152 0 100 166 162 168 170 168 3566 160 162 304 
156 154 164 160 166 168 172 158 310 170 166 172 166 158 170 168 168 164 172 170 168 160 170 162 170 172 168 166 174 160 168 168 158 158 162 158 152 160 172 154 154 168 150 164 166 160 172 168 164 154 172 162 166 168 166 168 168 0 100 164 154 168 160 0 
100 168 164 168 166 162 170 160 312 154 164 168 168 168 166 172 152 170 150 168 156 168 160 164 158 160 166 162 158 174 156 162 160 166 160 156 160 164 166 170 160 168 164 166 174 164 166 152 168 166 172 166 168 160 160 164 164 150 164 162 160 170 168 0 
100 168 168 170 174 160 166 166 312 168 166 166 162 166 168 170 158 166 170 166 162 174 166 152 166 162 0 100 172 168 156 162 166 164 158 168 166 162 166 168 154 168 0 100 160 166 166 170 166 158 156 168 166 170 168 162 168 168 162 152 166 168 160 0 
100 168 166 0 100 166 168 166 306 158 166 168 166 168 162 166 168 162 162 160 168 168 162 170 162 162 166 168 162 166 158 164 168 166 168 162 166 162 166 166 172 164 168 162 168 168 166 160 166 162 168 166 162 168 168 160 166 168 162 168 168 166 164 0 
100 170 168 166 170 168 162 168 306 168 168 162 168 166 172 168 166 168 168 166 164 170 170 168 160 166 162 166 162 168 168 160 168 168 166 168 168 162 168 168 164 160 166 170 170 170 168 160 166 168 166 168 164 166 170 170 170 164 168 168 154 168 172 0 
100 164 168 166 168 164 166 162 310 168 166 166 162 166 162 166 168 168 162 168 162 168 168 166 168 162 166 168 162 162 152 160 166 168 166 168 160 166 168 166 168 164 166 170 170 170 164 168 166 164 166 168 160 166 168 170 172 168 168 162 168 160 172 162 
166 156 170 168 166 168 168 162 308 166 168 168 160 170 172 166 162 166 168 162 166 170 168 166 164 166 164 168 166 172 162 166 168 166 164 168 156 168 166 162 166 162 168 170 170 168 166 164 166 168 162 166 168 162 162 152 160 166 168 168 170 168 166 0 
100 168 166 162 166 162 168 170 308 166 168 168 156 168 166 162 172 166 170 164 164 160 156 158 172 170 162 170 170 0 100 162 166 168 168 160 170 170 170 168 160 166 162 166 170 170 170 168 160 166 162 168 168 168 164 168 158 170 172 170 168 168 166 0 
100 154 168 166 166 166 166 310 168 156 160 166 168 160 162 170 168 168 152 160 170 168 166 168 168 166 164 170 172 168 162 162 166 166 162 166 158 166 168 162 166 170 170 170 164 172 166 168 164 166 172 154 170 168 166 164 166 168 160 166 170 158 170 0 
100 168 160 166 168 166 168 312 168 168 162 166 168 162 162 154 170 162 162 152 160 168 170 156 170 168 154 158 160 168 170 156 168 168 166 168 160 166 162 166 154 166 170 156 164 164 152 166 162 166 166 166 168 172 162 164 160 164 168 166 172 162 166 0 
100 166 168 166 162 172 162 308 166 168 160 168 168 166 168 168 152 160 168 168 160 170 162 168 168 166 168 160 166 162 166 152 168 168 166 168 164 162 168 166 168 168 166 166 168 166 170 168 166 170 162 168 168 170 170 162 166 162 166 168 168 162 168 0 
100 168 160 166 168 166 168 314 160 164 166 168 160 166 162 166 158 166 170 168 162 168 166 168 164 166 170 170 164 170 172 166 168 166 166 172 162 168 168 166 162 162 168 168 160 170 170 170 168 160 166 162 166 170 170 170 168 160 166 162 156 168 166 0 
100 166 162 168 170 162 166 310 168 166 170 168 166 170 162 168 168 166 168 160 170 164 166 168 160 166 168 162 168 168 166 164 166 168 162 166 168 162 164 166 166 168 166 168 160 168 168 166 168 168 166 164 168 166 164 166 168 160 166 168 166 168 160 162 
166 166 162 166 162 168 170 306 166 162 168 170 170 168 166 172 162 166 168 166 168 160 156 160 168 168 170 162 158 170 166 170 168 168 166 170 166 170 168 162 162 162 168 168 166 168 160 168 168 0 100 168 152 162 166 168 160 168 168 160 172 162 166 160 
168 170 168 166 170 172 166 162 304 168 168 162 168 166 168 164 166 170 172 162 170 168 166 164 166 168 160 166 168 166 168 160 170 164 166 168 160 166 168 162 168 168 166 164 156 168 166 168 160 168 154 168 168 166 168 160 166 168 156 168 166 168 160 160 
162 168 162 166 170 170 164 164 306 168 0 100 168 168 166 162 166 168 168 166 168 160 166 168 166 168 160 170 164 166 164 170 164 170 168 166 164 166 168 162 166 168 162 162 152 160 166 168 166 168 160 166 168 166 168 164 166 170 170 170 4278 162 166 306 
152 160 168 168 166 168 168 160 310 0 100 168 168 166 170 168 168 164 166 168 168 166 168 160 166 168 166 168 160 166 162 166 172 154 168 168 168 164 166 168 168 166 168 160 168 168 158 170 168 168 156 166 162 166 162 166 168 168 160 170 170 170 168 160 
166 162 166 170 170 170 168 160 310 168 166 168 160 166 162 166 170 170 170 164 168 166 156 166 160 166 164 166 168 160 166 168 166 168 160 170 164 166 168 168 166 162 166 168 168 166 168 164 166 170 170 172 168 162 166 154 166 162 166 170 168 168 164 0 
100 156 166 170 168 166 170 160 308 168 166 172 162 166 168 170 170 162 166 162 166 168 168 162 168 168 166 164 166 168 162 166 168 162 162 152 160 166 168 166 168 160 168 164 166 162 166 168 162 166 154 166 162 166 170 168 168 164 166 168 156 168 168 0 
100 170 160 168 164 166 170 308 166 168 166 168 160 170 164 166 168 160 166 168 162 168 168 166 152 168 168 166 168 160 166 162 166 170 172 164 168 168 168 164 166 162 162 168 168 166 164 168 166 164 166 168 160 166 168 166 168 168 166 166 168 166 172 162 
166 168 166 168 160 166 162 166 302 166 170 168 166 170 168 162 168 166 168 164 166 162 166 166 168 166 170 168 166 170 162 168 168 166 168 160 170 164 166 168 160 166 168 162 168 168 166 164 166 168 162 166 168 162 162 152 160 166 168 166 168 160 170 164 
166 168 160 166 162 166 154 166 306 168 168 168 166 170 170 170 164 168 166 164 166 168 160 166 168 166 168 160 170 164 166 168 160 166 168 152 160 168 168 160 170 168 166 170 168 166 170 168 162 168 166 168 164 166 170 170 164 164 168 168 168 166 168 158 
168 168 166 168 160 170 164 166 306 166 168 168 0 100 166 166 166 168 160 172 162 166 168 166 168 160 166 168 166 168 164 162 168 162 168 172 166 166 156 168 0 100 166 168 166 162 166 166 168 166 168 166 164 168 168 168 168 0 100 162 166 168 160 162 
168 166 170 168 166 170 168 166 308 166 168 152 162 166 168 164 162 168 166 168 160 166 168 166 168 164 166 170 170 170 164 168 166 164 166 168 160 166 168 166 168 160 168 168 166 168 168 160 170 170 170 168 160 166 162 166 170 170 170 168 160 166 162 160 
168 166 162 166 168 168 166 164 308 166 168 166 164 168 166 164 166 168 160 166 168 166 168 160 170 166 166 168 168 160 170 170 170 168 160 166 162 166 170 170 170 168 168 166 166 168 166 170 168 166 170 162 168 168 166 170 168 166 168 160 166 168 160 0 
100 166 162 168 170 170 168 166 310 166 168 168 166 168 160 166 168 166 168 164 166 170 170 170 164 168 156 164 166 168 166 168 160 166 168 166 168 160 170 164 166 168 168 166 162 166 168 168 166 168 164 166 170 170 170 168 160 166 162 166 170 170 170 164 
168 166 164 166 168 160 166 168 306 168 160 168 160 166 168 166 168 160 168 168 166 168 168 162 168 168 166 164 166 168 162 166 168 162 162 152 160 166 168 166 168 160 168 166 166 168 160 166 162 166 154 166 162 166 170 168 168 164 166 168 162 166 170 162 
170 168 166 162 168 166 162 308 168 168 160 168 166 162 166 158 166 168 0 100 160 168 166 164 160 0 100 158 170 0 100 162 166 168 0 100 166 168 0 100 162 166 168 164 166 170 170 170 168 160 168 164 166 168 166 170 162 0 100 160 166 168 166 162 
168 166 168 164 166 170 168 166 308 166 168 160 168 168 166 168 168 162 168 168 166 164 166 168 162 166 170 166 166 168 166 168 160 166 162 164 168 166 168 168 166 164 170 170 170 168 166 168 160 170 164 166 168 160 166 168 162 168 168 166 164 166 168 156 
164 168 166 164 166 168 160 166 310 166 168 166 162 170 162 162 0 100 168 168 166 170 168 166 170 166 164 168 166 166 166 166 162 168 168 168 166 162 168 170 170 166 168 0 100 158 168 166 168 160 166 162 166 170 168 168 168 168 160 160 168 156 166 156 
168 162 166 172 166 160 164 166 218 168 300 168 168 166 164 166 168 160 166 168 162 168 168 168 164 166 168 168 168 168 168 166 168 160 166 162 166 154 166 162 166 158 166 172 154 168 168 168 164 166 168 168 166 168 160 166 168 166 168 160 170 164 166 0 
100 160 168 162 166 168 162 168 306 168 166 166 162 168 170 170 168 166 164 166 168 160 166 156 168 168 166 168 164 166 170 170 170 164 168 162 168 166 168 164 166 170 170 170 168 160 166 168 160 172 162 166 168 166 168 160 168 154 168 168 3480 162 160 308 
154 170 170 170 168 160 166 168 306 168 160 168 164 166 170 170 170 168 168 166 162 166 168 168 166 168 164 166 170 170 170 168 160 166 162 166 172 154 168 168 168 164 166 168 168 166 160 166 168 168 166 168 160 170 164 166 168 168 166 162 166 168 162 166 
170 168 166 164 166 168 160 166 306 166 170 170 170 168 160 166 162 166 172 154 168 168 168 164 166 168 168 166 168 160 166 168 166 168 160 170 164 166 168 168 166 162 166 168 168 166 168 164 166 170 170 170 168 160 166 162 166 172 154 168 168 168 164 0 
100 168 168 166 170 160 164 160 310 166 166 170 160 168 160 166 168 166 168 160 168 170 162 168 168 158 168 160 172 162 166 168 166 164 168 166 170 170 170 168 160 166 162 156 172 166 162 166 168 0 100 158 168 166 170 168 166 0 100 166 168 168 168 0 
100 160 168 168 166 168 168 162 310 166 166 168 160 170 168 166 164 166 168 162 166 168 162 164 166 166 168 166 168 160 168 168 166 168 168 166 164 168 168 154 166 162 166 168 160 168 164 166 170 170 170 168 160 166 168 160 170 168 166 170 168 166 158 158 
166 166 172 152 170 168 162 168 306 168 168 162 168 166 168 164 166 170 170 170 164 168 166 164 166 168 160 166 168 166 168 160 170 164 166 168 160 166 168 162 168 168 166 152 168 168 166 168 160 166 162 166 170 172 164 168 168 166 154 166 162 166 170 0 
100 168 168 166 164 168 162 168 306 168 168 166 164 166 168 160 166 168 166 168 160 170 164 166 168 160 166 168 162 168 168 166 164 166 168 162 166 168 162 162 152 160 166 168 166 168 160 166 168 166 168 164 166 170 170 170 164 168 166 164 166 168 160 160 
152 160 166 170 162 168 168 156 304 166 160 166 170 160 168 164 166 170 170 170 168 160 166 158 166 168 160 0 100 166 168 166 166 0 100 166 162 166 168 168 166 168 164 162 168 166 168 168 166 168 166 166 170 0 100 156 0 100 164 0 100 164 0 100 
164 0 100 164 168 166 168 166 166 168 216 166 168 162 166 168 162 162 152 160 166 168 166 168 160 166 168 166 168 164 166 170 170 170 164 168 166 164 166 168 160 166 168 166 168 160 170 164 166 168 160 166 162 166 164 160 170 170 170 168 160 166 162 158 
166 166 170 168 162 170 162 310 166 166 168 166 168 162 166 170 170 170 164 160 164 168 166 172 162 166 168 166 168 160 170 164 166 168 160 166 168 162 168 172 166 162 166 168 168 166 168 160 166 168 166 168 160 166 154 168 160 166 162 166 154 166 162 160 
160 166 162 166 170 170 156 306 166 162 166 164 160 0 100 166 168 166 168 164 0 100 166 156 164 166 164 168 166 170 162 168 168 170 174 166 168 164 170 168 166 166 154 164 168 162 154 162 172 164 170 168 172 170 162 156 168 164 168 168 0 100 160 168 
160 152 156 166 168 162 168 164 308 170 154 168 156 168 160 166 162 166 166 166 158 158 170 168 166 170 168 166 164 166 168 160 166 168 166 168 160 154 166 168 160 166 162 168 164 166 168 168 160 170 170 170 152 166 162 166 162 168 170 164 162 168 164 160 
164 166 168 168 168 162 166 170 308 166 160 166 168 166 168 156 168 166 164 168 162 168 168 166 168 162 168 164 166 168 160 168 168 166 168 156 168 156 170 174 164 168 170 172 164 168 172 166 162 166 158 166 168 162 166 154 168 168 166 168 170 168 164 158 
168 168 166 152 156 162 168 170 304 168 166 168 166 166 168 158 166 168 162 168 172 164 168 162 162 160 160 168 168 152 168 162 166 168 166 168 168 168 168 168 166 170 168 168 162 172 166 162 150 166 168 168 168 166 170 170 170 152 162 170 162 166 154 0 
100 166 166 168 168 170 162 156 304 168 160 166 170 166 150 164 160 164 170 166 168 168 166 168 168 160 170 162 162 158 164 154 170 166 164 162 170 166 166 166 168 166 168 160 166 168 166 168 160 170 164 166 160 160 168 170 170 166 166 164 164 166 168 0 
100 170 168 164 168 168 160 308 156 160 168 168 168 166 164 166 168 160 166 168 164 162 164 170 168 166 170 168 174 162 168 166 170 154 170 162 170 162 168 170 170 168 166 164 156 162 166 164 158 160 168 154 158 160 164 158 162 156 156 156 168 164 168 156 
164 160 168 166 168 164 166 310 166 152 168 168 168 156 164 158 170 154 160 164 166 160 160 172 158 164 166 166 168 166 164 168 162 164 156 162 168 168 168 166 164 166 170 156 166 158 162 168 166 162 164 170 156 170 160 166 170 160 168 152 3458 164 160 306 
152 160 166 168 166 170 158 168 308 166 164 160 166 166 168 154 168 162 160 162 166 172 154 168 168 170 168 166 166 172 166 170 168 156 162 168 170 162 168 164 168 162 170 162 162 164 168 168 166 162 166 168 154 168 164 162 168 166 168 160 168 168 168 166 
154 174 166 166 168 168 162 164 310 168 0 100 162 168 166 170 168 166 170 170 152 162 166 164 168 170 168 168 168 168 160 170 170 170 168 160 166 162 168 170 166 170 162 158 170 160 168 164 168 170 160 166 160 166 168 162 152 166 168 166 152 168 168 0 
100 166 166 166 170 162 164 166 310 158 170 166 158 172 168 168 162 168 156 166 166 168 166 168 164 170 158 168 168 170 166 168 168 166 168 160 166 162 162 168 166 168 162 166 170 168 168 158 166 158 164 172 162 158 166 168 170 166 168 158 166 156 158 160 
168 162 164 164 168 154 160 168 306 168 150 162 158 168 168 164 166 168 166 168 164 166 166 168 168 160 156 160 156 164 168 170 168 166 164 162 170 170 164 170 160 170 170 160 168 164 168 168 166 168 162 166 166 166 166 168 162 172 164 168 168 168 168 0 
100 168 158 166 164 168 166 150 316 160 166 172 158 170 170 166 168 168 162 168 160 168 164 166 170 158 162 164 168 168 166 162 156 174 166 162 168 158 168 166 158 156 158 166 168 166 168 162 160 160 156 166 168 162 168 164 168 170 170 168 166 170 160 0 
100 164 166 172 156 170 164 310 170 150 162 168 168 162 168 162 154 160 172 168 166 170 168 166 172 166 166 162 166 166 160 168 152 162 166 168 164 166 168 170 170 162 168 166 162 154 166 166 170 166 170 168 166 170 172 174 162 164 166 164 166 162 170 0 
100 164 166 166 156 168 156 168 306 166 162 168 166 160 160 174 162 170 168 166 152 168 162 168 162 160 172 172 166 168 166 170 164 168 166 154 168 168 166 168 174 162 168 168 166 168 160 168 174 166 168 156 166 164 160 170 166 168 164 160 170 158 162 160 
156 0 100 168 172 152 158 308 168 166 172 166 166 164 166 158 168 168 162 156 162 168 168 166 170 162 172 168 160 166 172 162 168 164 160 168 166 162 156 170 174 166 166 152 152 156 166 162 168 164 160 166 162 166 172 166 168 166 166 172 162 166 168 156 
168 162 166 168 166 168 162 310 158 166 172 164 168 170 168 166 172 162 166 168 166 168 160 166 162 166 170 170 170 164 168 166 172 166 166 172 162 168 168 166 170 170 156 170 168 160 160 166 162 166 164 156 170 166 168 168 160 170 166 168 164 166 170 162 
164 168 150 156 162 166 168 306 158 170 170 162 168 156 168 156 172 166 162 166 168 162 164 160 166 170 168 166 164 168 168 168 166 168 162 158 168 156 164 168 168 168 166 170 168 166 170 166 168 156 158 166 170 170 168 168 170 168 164 168 0 100 168 162 
166 172 164 168 164 166 168 312 166 166 152 152 174 162 164 168 174 168 162 158 164 166 168 168 166 160 168 164 168 0 100 162 152 168 162 168 170 172 168 156 168 166 166 162 170 162 160 166 162 166 164 162 164 162 162 168 168 160 166 174 164 166 174 158 
166 162 170 154 166 160 170 312 154 166 166 170 170 150 168 166 162 156 170 162 168 156 168 170 164 168 156 168 150 170 160 152 164 168 168 168 160 166 170 168 164 164 168 168 160 166 170 166 168 160 166 168 166 170 164 166 162 160 156 166 170 162 168 164 
170 168 168 164 150 168 168 308 158 166 162 166 150 164 152 168 162 168 166 166 168 168 166 164 0 100 166 156 168 168 166 164 168 166 168 166 168 168 168 166 168 160 170 168 158 164 170 162 166 168 160 168 158 164 170 160 168 154 166 152 164 166 170 0 
100 170 152 164 166 164 160 310 156 168 168 160 158 166 170 162 168 168 166 168 160 166 162 166 154 162 160 160 168 168 172 166 168 166 166 164 160 166 170 168 168 164 168 168 160 168 160 166 164 166 152 168 168 158 162 168 166 168 160 170 168 170 170 150 
162 156 160 160 162 168 168 304 170 172 166 162 166 168 168 166 168 160 166 162 162 162 168 156 164 168 164 168 162 168 166 166 162 170 170 156 162 164 164 162 166 170 174 166 168 166 168 166 168 170 166 168 156 168 166 168 168 160 164 166 168 168 166 160 
166 168 160 166 170 166 170 308 166 162 166 168 154 168 164 166 164 162 168 168 166 170 172 162 168 166 164 160 156 168 166 168 168 162 168 166 162 162 162 166 166 164 166 168 160 170 170 170 168 164 162 168 166 152 166 170 168 166 172 166 4628 152 310 152 
170 158 162 166 154 168 178 166 308 168 170 168 156 166 156 166 168 156 168 168 166 172 164 166 162 166 168 168 166 168 160 158 168 164 162 162 170 162 162 166 168 156 158 166 168 162 166 156 164 170 170 168 168 156 158 170 162 168 158 170 162 156 168 0 
100 166 166 170 164 166 168 162 308 158 166 156 164 150 168 168 166 164 162 168 156 168 168 150 160 168 164 164 160 164 160 166 172 174 154 168 162 168 168 166 166 168 162 166 170 162 158 170 158 162 166 164 152 170 168 166 158 166 170 170 170 168 168 160 
170 166 154 162 164 156 160 166 302 158 166 164 154 168 156 160 160 162 162 164 166 166 162 162 170 166 168 152 162 170 164 170 166 168 162 166 158 162 168 152 166 172 164 170 170 170 168 166 164 154 170 168 168 170 162 156 166 168 168 162 162 166 170 0 
100 168 162 166 166 168 156 162 308 156 168 166 166 170 160 158 170 170 170 168 162 162 162 154 164 168 166 170 168 166 172 154 168 164 168 156 164 168 156 168 158 170 168 160 164 166 168 166 164 160 168 160 166 170 166 150 166 172 162 160 160 162 166 0 
100 160 158 166 158 170 166 162 306 158 164 168 166 162 160 170 170 164 162 164 168 172 168 168 158 168 164 160 164 166 158 166 158 164 168 164 172 172 160 164 168 168 166 152 152 166 168 166 168 170 154 162 166 174 168 170 162 162 170 160 156 166 168 0 
100 166 166 164 164 168 162 310 166 168 168 166 164 164 172 168 164 158 162 166 156 152 166 162 168 168 164 0 100 160 168 162 162 160 166 158 166 170 166 168 168 166 168 160 166 162 156 168 166 0 100 168 0 100 160 170 168 166 164 168 160 160 166 162 
160 162 166 164 166 162 166 168 310 166 162 166 170 170 166 158 164 170 176 170 170 160 158 162 154 166 160 166 162 168 168 168 164 166 168 168 160 170 168 164 164 164 162 154 162 168 164 166 170 156 168 170 150 166 166 172 162 162 172 170 170 170 168 158 
166 166 170 168 170 168 166 168 314 166 168 152 156 166 168 162 164 152 168 164 156 170 170 168 160 170 164 166 168 160 162 170 158 168 152 152 164 166 168 162 168 164 160 170 166 166 172 168 168 164 160 168 170 160 168 156 162 162 168 158 168 168 168 0 
100 168 162 160 170 162 164 160 308 168 166 168 160 164 168 168 162 162 160 162 164 164 170 152 170 158 154 164 164 170 164 162 158 168 166 168 162 160 162 156 170 168 168 170 168 168 162 170 168 160 156 162 170 162 162 166 164 162 166 168 166 174 166 150 
164 166 160 158 166 158 160 168 304 168 170 160 170 168 160 170 160 168 162 160 170 166 162 166 0 100 172 166 168 164 166 170 170 170 170 168 172 172 164 166 166 170 156 156 166 168 166 168 160 158 166 156 166 170 168 166 158 166 168 162 166 164 166 164 
168 164 160 170 162 162 164 170 304 168 156 162 166 168 156 160 162 170 162 164 168 156 170 164 174 166 166 168 166 166 162 166 172 166 156 160 168 160 166 170 162 166 164 160 168 168 168 170 166 168 168 166 164 166 168 162 166 170 166 156 162 164 152 0 
100 164 164 168 164 154 172 158 304 166 168 164 170 170 168 156 166 166 162 168 156 160 168 162 168 162 170 162 168 166 166 164 156 156 172 166 162 164 164 166 164 168 166 170 168 170 168 168 166 164 160 168 168 160 170 168 164 166 150 162 168 174 168 158 
166 166 170 168 172 168 162 166 304 170 170 164 160 168 162 0 100 160 168 162 154 168 168 168 176 170 150 166 158 162 166 166 168 166 168 170 162 168 168 170 168 164 158 172 168 158 160 158 166 172 162 166 160 168 162 158 156 168 0 100 166 168 0 100 
160 166 166 160 164 168 166 158 220 164 168 170 170 162 152 172 164 168 168 166 152 166 170 168 166 164 166 168 168 166 162 168 172 152 166 168 166 164 170 170 170 166 168 168 160 158 162 168 160 166 162 166 150 170 162 158 166 164 168 170 154 156 168 0 
100 168 168 168 164 156 170 306 158 160 172 154 168 158 164 154 168 164 168 164 166 170 168 166 166 156 164 172 160 172 164 170 160 170 168 154 162 166 162 166 166 160 168 160 166 158 166 172 160 0 100 166 156 170 170 168 162 164 168 166 168 164 162 162 
158 158 166 170 156 162 166 310 166 166 168 172 168 162 168 172 164 162 156 170 170 162 164 168 168 168 160 160 166 168 168 166 168 160 166 168 164 166 168 164 168 166 158 168 166 168 166 168 160 166 166 166 164 166 168 166 152 162 166 168 166 160 168 162 
166 162 166 164 168 170 166 168 306 170 168 168 170 172 166 166 152 168 170 168 168 160 166 164 166 168 160 158 156 170 154 0 100 166 158 166 168 174 168 168 164 166 168 162 166 172 158 152 164 170 170 170 150 166 166 156 164 164 170 162 168 164 168 168 
168 166 162 164 168 170 170 170 306 166 164 168 170 166 166 168 162 160 166 170 166 0 100 0 100 166 162 162 0 100 160 166 0 100 160 168 160 166 168 166 168 150 170 166 168 0 100 166 158 166 168 162 170 0 100 0 100 168 168 166 166 158 172 162 
166 162 168 152 166 168 160 164 306 168 156 168 168 168 168 162 162 168 166 166 156 160 162 162 168 162 166 168 160 168 168 166 172 164 162 168 168 166 172 152 170 152 168 168 166 162 166 172 166 156 168 168 164 160 160 162 170 168 162 168 166 168 164 160 
160 166 166 166 168 166 164 168 304 168 168 168 164 166 158 156 170 166 168 164 166 168 166 168 164 166 162 170 170 168 160 170 164 160 170 170 170 168 160 166 162 166 170 168 162 168 166 168 208 0 100 0 100 0 100 0 100 156 162 156 162 162 162 156 
156 162 156 162 162 148 156 162 258 52 0 100 100 100 0 100 100 100 0 100 100 100 0 100 100 100 154 198 180 196 200 198 190 192 198 196 180 176 196 200 200 180 190 196 198 194 182 200 198 190 178 192 208 198 190 202 192 202 196 196 190 178 182 190 
192 186 182 198 182 194 204 198 374 188 192 188 180 190 192 186 200 190 192 198 198 198 184 0 100 196 178 198 198 184 196 182 194 198 190 200 194 196 190 178 208 188 204 182 190 194 206 182 176 190 196 190 206 180 188 176 178 194 180 182 190 194 196 190 
178 190 194 194 182 194 196 180 372 184 192 196 196 198 180 194 192 180 182 196 198 196 194 200 178 196 200 198 192 202 198 202 192 176 176 180 194 182 194 182 198 192 200 194 194 194 182 188 180 196 182 192 198 190 202 194 186 176 178 194 186 178 192 176 
196 200 182 192 200 192 198 180 380 202 178 202 190 194 202 178 196 198 192 202 182 194 184 196 190 184 192 186 194 204 176 178 196 186 180 202 190 210 198 206 196 198 192 198 178 196 202 192 202 184 196 200 180 196 198 198 196 178 196 198 180 186 192 202 
192 198 198 194 196 176 200 192 382 196 196 200 202 198 180 194 192 202 200 198 192 198 200 182 196 180 206 180 200 192 180 194 200 180 180 194 198 190 200 198 194 190 200 194 196 176 200 200 180 196 198 180 196 200 186 178 196 198 186 196 190 200 176 194 
200 200 194 202 202 192 198 190 388 190 186 196 190 184 196 182 192 198 190 200 190 178 202 184 184 200 182 192 182 194 182 190 182 182 194 204 190 192 194 194 196 190 194 200 198 176 190 196 180 178 190 194 196 192 176 200 202 194 184 178 196 196 182 0 
100 186 198 180 196 186 204 200 376 196 192 202 196 180 198 180 202 190 196 198 182 192 202 192 196 196 180 196 184 202 180 196 200 190 192 3937 376 186 182 200 198 194 196 194 194 198 196 184 194 196 176 176 196 200 190 200 194 198 190 194 180 194 184 188 
180 192 186 178 194 180 182 202 442 198 190 194 200 198 182 194 196 198 182 190 180 198 182 192 196 182 190 194 202 196 192 178 178 190 196 198 180 196 196 192 192 194 190 196 190 192 188 192 202 192 184 192 180 176 178 204 194 204 176 180 196 180 190 178 
194 194 182 198 196 198 194 180 374 198 204 194 196 180 202 198 182 176 192 190 178 182 184 204 194 194 196 198 180 202 194 198 192 202 180 190 182 190 194 196 176 200 200 194 202 196 190 194 198 190 186 180 194 202 196 194 180 194 200 186 198 188 202 4291470366 
