3052 0 396 276 442 326 386 0 228 364 368 0 1142 404 0 836 0 212 8676 0 470 346 300 288 390 0 442 438 408 442 382 604 550 1274 1882 2740 738 0 642 688 0 226 0 496 712 374 232 398 492 310 418 292 1168 0 564 750 396 220 396 0 940 380 0 294 
0 226 0 216 0 220 0 228 0 218 0 216 0 228 0 218 0 232 0 216 0 228 0 218 0 216 0 228 0 218 0 450 0 228 0 220 0 228 0 226 0 214 0 216 0 226 0 218 0 226 0 228 0 218 0 218 0 228 0 224 0 228 0 228 
0 222 0 220 0 218 0 224 0 226 0 214 0 222 0 218 0 226 0 228 0 224 0 230 0 226 0 228 0 214 0 232 0 220 0 218 0 216 0 216 0 216 0 228 0 212 0 218 0 226 0 216 0 230 0 232 0 226 0 226 0 218 0 234 
0 224 0 228 0 218 0 236 0 224 0 220 0 216 0 230 0 232 0 230 0 218 0 230 0 230 0 222 0 230 0 220 0 222 0 218 0 216 0 228 0 218 0 214 0 218 0 222 0 232 0 230 0 220 0 232 0 218 0 234 0 220 0 218 
0 224 0 442 0 232 218 0 218 0 228 0 228 0 230 0 224 0 230 0 230 0 228 214 0 220 0 230 0 230 0 224 0 228 0 228 0 218 0 216 0 222 0 228 0 228 0 220 0 222 0 222 0 218 0 222 206 0 228 0 228 0 222 0 
214 0 228 402 0 216 0 214 0 232 0 216 0 224 0 216 0 218 0 214 0 230 0 218 0 220 0 216 0 228 0 220 0 220 0 216 0 226 0 222 0 232 0 228 0 228 0 216 218 0 220 0 222 0 214 216 0 214 0 218 0 220 0 228 
0 224 0 436 0 232 0 228 0 218 0 222 0 234 0 230 0 228 0 222 218 0 232 0 218 0 232 0 214 0 218 0 216 0 226 0 234 0 226 0 96 0 0 0 0 0 0 0 0 0 0 0 0 0 0 0 0 0 0 0 0 0 0 0 
0 0 0 0 0 0 0 0 0 0 0 0 0 0 0 0 0 0 0 0 0 0 0 0 0 0 0 0 0 0 0 0 0 0 0 0 0 0 0 0 0 0 0 0 0 0 0 0 0 0 0 0 0 0 0 0 0 0 0 0 141 0 230 0 
220 0 220 398 0 232 0 224 0 224 0 218 0 230 0 236 0 226 0 220 0 220 0 224 0 220 0 238 0 224 0 220 0 214 0 232 214 0 226 0 230 0 216 0 222 0 220 0 216 0 236 0 214 0 220 0 218 0 226 0 206 0 214 0 
218 0 222 402 0 232 0 234 0 228 0 222 0 228 0 234 0 218 0 218 0 216 0 212 0 218 0 220 0 232 0 222 0 228 0 220 0 222 0 218 0 222 0 230 0 220 0 232 0 222 0 218 0 224 0 220 0 224 0 216 0 220 0 222 
0 226 0 440 0 230 0 228 0 220 0 222 0 222 0 232 0 222 0 226 0 232 0 230 0 218 0 220 0 222 0 226 0 228 0 218 0 220 0 216 0 228 0 218 0 216 0 226 0 216 0 216 0 216 216 0 224 0 228 0 222 0 238 0 
216 0 226 400 0 216 0 232 0 222 0 230 0 228 0 232 0 222 0 228 0 228 0 224 0 230 0 214 0 236 214 0 222 0 222 0 228 0 230 0 230 0 220 0 218 0 222 0 222 0 224 0 216 0 220 0 218 0 230 0 224 0 214 0 
228 0 218 406 0 222 0 230 0 220 0 222 0 216 0 220 0 216 0 220 216 0 228 0 228 0 230 0 228 0 230 0 226 0 226 0 230 0 230 0 218 0 230 0 228 0 220 0 214 0 218 0 222 0 222 0 218 0 216 0 222 0 216 0 
240 0 234 400 0 222 0 220 0 216 0 228 0 218 0 216 212 0 230 0 226 0 232 0 220 0 232 0 230 0 230 0 232 0 228 0 218 0 230 0 214 212 0 230 0 232 0 222 0 230 0 226 0 220 0 222 0 228 0 216 0 220 0 222 
0 218 0 442 0 232 208 0 218 0 226 0 230 0 232 0 222 0 228 212 0 230 0 230 0 218 0 222 0 220 0 222 0 230 0 220 0 230 0 222 0 216 0 220 0 220 0 218 0 220 0 214 0 218 0 222 0 222 0 230 0 226 0 234 
0 226 0 438 220 0 218 0 216 0 226 0 216 0 216 0 216 0 216 0 212 0 216 0 218 0 230 0 220 0 220 0 222 0 224 0 220 0 230 220 0 218 0 226 0 220 0 220 0 222 0 236 0 230 0 220 0 224 0 220 0 220 0 220 
0 216 0 436 222 0 220 0 216 0 216 0 216 0 216 0 216 0 6014 0 454 0 230 0 232 0 218 0 232 0 218 0 222 0 216 412 0 220 0 232 0 228 0 220 0 218 0 222 0 216 0 228 0 236 0 216 0 228 0 226 0 218 210 0 
228 0 216 0 228 220 0 224 0 216 0 220 0 230 0 216 0 218 0 230 0 216 0 218 0 220 0 222 0 222 0 442 0 218 0 220 0 222 0 222 0 230 0 230 0 222 0 228 220 222 0 220 0 212 0 218 0 214 0 218 0 216 0 222 
0 218 0 232 0 228 0 234 0 228 0 230 0 218 0 222 0 226 0 216 0 232 0 224 0 228 0 220 0 218 0 438 0 230 0 228 0 218 0 220 0 222 0 216 0 228 0 232 0 228 0 220 0 220 0 222 0 230 0 234 0 220 0 230 
0 212 0 226 0 222 0 220 0 216 0 216 0 238 0 226 0 230 0 220 0 220 0 228 0 222 0 232 0 224 216 402 222 0 230 0 220 0 234 0 220 0 212 0 218 0 220 0 218 0 226 0 232 0 218 0 220 0 212 0 222 0 230 216 
0 224 0 216 0 216 0 220 0 228 0 228 0 216 0 232 0 230 0 216 0 228 0 218 0 226 0 220 0 230 0 440 0 224 0 216 0 230 0 216 0 216 0 232 0 218 0 222 0 220 0 222 0 232 0 218 0 224 218 0 226 212 0 224 
0 226 0 230 0 218 0 216 0 228 0 230 0 230 0 222 0 230 0 224 0 224 0 232 0 220 0 206 216 0 234 400 222 0 224 0 226 0 214 0 218 0 230 0 222 0 224 216 0 222 0 220 0 230 0 222 0 224 222 0 238 0 218 0 
212 0 220 0 238 0 232 0 216 0 216 0 216 220 0 226 0 216 0 216 0 220 0 220 0 228 206 0 234 0 228 402 0 232 0 218 0 216 0 230 0 228 0 218 0 222 0 212 0 222 0 220 0 220 0 220 0 234 0 230 0 222 0 228 
0 230 0 224 206 222 0 222 0 232 0 220 0 232 0 232 0 216 0 220 0 230 0 222 0 220 0 224 0 218 0 442 0 222 0 212 0 220 0 218 0 218 216 0 234 0 226 0 230 0 220 0 224 0 226 0 240 0 214 0 216 0 230 218 
0 224 0 228 0 222 0 218 0 230 0 230 0 230 0 220 0 242 0 220 0 220 0 218 0 224 0 222 218 0 232 406 220 218 0 220 0 218 214 0 224 0 228 220 0 218 218 220 0 220 0 220 0 220 0 220 0 234 0 234 0 226 0 220 
0 234 0 220 0 220 0 220 0 220 0 222 0 218 0 220 0 216 0 228 0 228 0 222 0 216 0 226 0 230 0 442 0 230 0 234 0 230 0 218 0 214 0 218 0 216 0 220 0 220 0 228 0 216 0 228 0 218 0 230 0 220 0 220 
0 214 0 218 0 216 0 218 0 216 0 216 0 216 208 0 234 0 228 0 228 0 234 0 216 0 216 216 0 220 0 448 0 230 0 230 0 222 0 220 0 220 0 226 0 234 0 220 0 230 0 228 0 226 0 230 0 222 0 216 0 232 0 228 
0 222 0 228 222 0 232 0 220 0 220 220 0 232 0 220 0 222 0 226 0 232 0 230 0 216 0 226 0 216 216 404 226 0 210 0 218 0 222 0 228 0 222 0 234 0 218 0 222 0 220 0 232 0 230 208 0 222 0 222 0 232 0 224 
0 232 0 230 0 216 0 218 0 230 0 216 0 220 0 226 0 214 0 218 0 216 0 216 0 214 0 220 0 222 0 442 0 232 0 218 0 220 0 218 0 232 0 232 0 218 0 230 0 216 0 230 0 230 0 222 0 230 0 218 0 232 0 218 
0 226 0 216 0 220 0 230 0 224 0 222 212 206 0 216 0 228 0 220 0 216 0 226 0 234 0 230 0 228 0 444 0 220 0 232 0 226 0 222 0 218 0 214 0 234 0 230 0 226 0 220 0 216 0 228 0 218 0 224 0 218 0 222 
0 214 0 216 0 224 0 232 0 228 0 234 0 218 220 0 232 0 220 0 220 0 216 0 226 0 230 0 234 0 228 402 0 228 0 224 0 218 0 222 0 222 0 218 0 214 0 228 0 214 0 218 0 216 0 216 0 226 0 228 0 218 0 216 
0 208 0 216 0 230 0 230 0 216 0 220 0 224 0 228 0 230 0 224 0 222 0 228 0 218 0 214 0 220 0 442 220 0 226 208 0 218 0 222 0 234 0 228 0 222 0 230 220 0 214 0 228 0 224 0 226 0 224 0 218 0 220 0 
228 0 216 0 222 0 228 0 218 0 236 216 0 220 0 224 0 230 6040 0 220 0 230 0 222 0 228 0 220 0 220 0 222 0 216 420 0 222 0 228 0 228 0 220 0 228 0 230 0 216 0 220 0 216 0 230 0 206 216 0 228 0 220 0 
240 0 216 0 226 0 212 0 218 0 216 0 222 212 0 228 0 230 220 0 220 0 214 218 0 220 0 222 0 220 0 436 0 230 0 208 0 222 0 218 0 216 0 228 0 230 0 218 0 216 0 230 0 228 0 232 0 224 0 230 0 226 216 0 
226 0 230 0 220 0 222 0 218 0 214 0 218 0 224 0 218 0 232 0 222 0 218 0 224 0 218 0 220 0 214 404 0 230 0 230 0 228 0 222 0 206 0 228 0 232 0 228 0 228 0 222 0 232 0 218 0 224 0 222 0 230 0 218 
0 234 0 226 0 222 0 220 0 220 0 216 0 228 0 228 0 216 0 228 0 230 0 220 0 214 0 224 0 216 0 446 216 220 210 0 218 0 226 0 220 0 220 0 226 0 230 0 216 0 230 222 0 220 0 216 0 226 0 228 0 216 0 220 
0 222 0 218 0 216 0 228 0 218 0 216 0 228 0 218 0 216 0 220 0 228 0 232 0 220 0 218 0 234 0 442 0 230 0 224 216 0 220 0 222 0 220 0 230 0 224 218 0 222 0 218 0 216 220 0 222 0 218 0 228 0 222 0 
232 0 220 0 220 0 216 210 0 226 0 218 0 216 0 230 0 230 0 226 0 228 0 232 0 230 0 220 0 230 0 438 0 226 0 226 0 220 0 220 0 218 0 226 0 220 0 232 0 218 220 0 222 0 220 0 222 0 226 0 226 0 230 0 
240 0 220 0 220 0 222 0 224 0 226 0 216 0 218 0 216 0 226 0 218 0 226 0 218 0 222 0 218 0 230 400 220 0 220 0 220 0 224 0 216 0 232 0 230 0 218 0 226 0 230 0 218 0 222 0 222 0 228 0 218 0 214 0 
224 210 0 228 0 218 0 228 0 224 0 222 0 214 0 218 0 234 0 226 0 220 0 232 0 222 0 224 216 0 220 398 0 216 0 224 0 218 216 0 228 0 214 0 234 0 232 0 232 0 230 0 234 0 218 0 224 0 220 402 0 232 0 230 
0 222 0 208 0 220 404 0 232 0 230 0 212 0 230 0 222 7598 0 214 0 232 400 0 220 0 216 388 0 214 0 214 0 226 0 210 396 0 224 0 224 0 212 0 234 0 228 0 226 0 224 0 224 0 226 0 232 0 212 0 222 0 232 0 
218 0 212 0 224 0 230 0 230 1152 0 206 0 212 0 230 0 214 0 218 0 230 0 226 0 236 270 222 0 224 0 210 0 210 0 228 0 230 0 214 0 228 0 216 0 218 0 228 0 212 0 222 0 210 0 314 0 214 0 224 0 210 0 230 
0 228 0 220 274 0 230 0 222 0 234 0 226 0 212 0 234 0 232 0 220 0 224 268 0 220 0 220 0 220 0 236 0 210 0 228 0 228 0 224 0 434 0 216 0 226 0 234 0 214 0 232 0 218 0 0 228 0 224 278 0 222 0 236 
0 234 396 0 228 0 228 0 216 0 230 0 222 0 234 0 212 0 236 0 220 0 0 228 0 238 0 212 0 220 222 0 222 0 226 0 212 0 222 0 212 0 224 0 236 0 212 0 218 0 216 0 220 0 232 0 292 0 218 0 224 0 214 0 
228 0 216 0 208 0 230 402 0 214 0 228 0 220 0 222 0 298 0 232 0 228 0 232 0 218 0 214 0 220 0 222 0 228 0 220 0 216 0 220 0 230 0 220 0 324 0 230 0 226 0 220 396 0 234 0 220 0 216 0 218 0 230 0 
222 0 232 276 0 28514 0 220 0 214 0 222 0 234 0 222 0 214 0 210 0 336 0 224 0 230 0 208 0 228 0 322 0 230 0 226 0 222 0 232 0 218 0 234 0 228 0 218 0 224 0 220 0 216 0 234 0 226 0 220 392 0 218 0 
234 0 224 0 214 0 212 0 230 0 214 0 228 0 216 0 306 0 308 0 224 0 214 0 224 0 230 0 216 0 222 0 224 0 226 0 232 0 330 0 226 0 220 0 222 0 230 0 224 0 226 0 222 0 224 0 222 0 224 0 214 286 0 220 
0 222 0 220 0 234 0 230 0 232 0 226 0 216 0 228 0 220 0 234 0 228 0 230 0 224 0 228 0 218 0 216 402 0 220 0 220 0 218 0 216 0 228 0 218 0 214 0 220 0 230 0 216 0 228 0 230 0 232 0 220 0 218 0 
214 0 230 0 218 0 216 0 228 0 222 210 0 218 0 216 0 218 36772 0 456 0 224 0 224 0 228 0 238 0 228 0 236 0 236 426 0 224 0 238 0 240 0 240 0 240 0 220 0 240 0 224 0 224 0 224 0 224 0 236 0 234 0 238 
0 232 0 236 0 224 0 236 0 236 0 228 0 250 0 228 0 228 0 234 0 224 0 224 0 236 0 236 0 224 0 446 0 230 0 232 0 220 0 224 0 222 0 234 0 224 0 224 0 224 0 236 0 234 0 224 0 228 0 238 0 224 0 238 
0 230 0 232 0 234 0 234 0 238 0 234 0 224 0 224 0 234 0 234 0 236 0 228 0 238 0 234 0 236 0 440 0 238 0 234 0 224 0 228 0 240 0 232 0 240 0 236 0 228 0 220 0 228 0 236 0 224 0 232 0 228 0 232 
0 248 0 240 0 234 0 224 0 228 0 238 0 228 0 242 0 228 0 228 0 238 0 236 0 224 0 236 0 234 0 440 0 232 0 230 0 232 0 236 0 230 0 234 0 228 0 236 0 224 0 224 0 228 0 236 0 228 0 240 0 232 0 236 
0 230 0 242 0 238 0 224 0 234 0 236 0 234 0 234 0 228 0 242 0 234 0 236 0 236 0 224 0 230 0 434 0 234 0 234 0 230 0 238 0 228 0 240 0 234 0 234 0 228 0 240 0 232 0 236 0 236 0 232 0 240 0 240 
0 228 0 238 0 234 0 240 0 224 0 236 0 236 0 236 0 234 0 238 0 230 0 220 0 224 0 224 0 224 0 440 0 218 0 222 0 228 0 238 0 224 0 236 0 218 0 234 0 228 0 230 0 234 0 232 0 240 0 240 0 242 0 224 
0 230 0 240 0 234 0 232 0 234 0 230 0 230 0 232 0 232 0 240 0 232 0 238 0 230 0 234 0 222 0 446 0 238 0 224 0 240 0 236 0 224 0 224 0 224 0 236 0 236 0 224 0 224 0 224 0 228 0 236 0 236 0 240 
0 234 0 224 0 238 0 226 0 224 0 228 0 222 0 232 0 230 0 224 0 218 0 224 0 242 0 220 0 224 0 442 0 232 0 240 0 234 0 236 0 224 0 224 0 224 0 238 0 232 0 236 0 228 0 236 0 228 0 238 0 228 0 222 
0 234 0 224 0 226 0 238 0 228 0 236 0 234 0 224 0 224 0 228 0 232 0 228 0 238 0 224 0 238 0 442 0 232 0 230 0 234 0 234 0 228 0 234 0 224 0 226 0 228 0 236 0 230 0 240 0 224 0 224 0 238 0 240 
0 236 0 228 0 234 0 234 0 236 0 220 0 238 0 234 0 228 0 224 0 218 0 226 0 242 0 220 0 226 0 446 0 224 0 244 0 236 0 232 0 224 0 224 0 234 0 228 0 236 0 230 0 232 0 234 0 224 0 234 0 238 0 230 
0 248 0 234 0 240 0 236 0 244 0 236 0 240 0 234 0 234 0 236 0 234 0 224 0 226 0 236 0 236 0 444 0 240 0 226 0 232 0 234 0 234 0 238 0 236 0 236 0 230 0 238 0 234 0 232 0 224 0 224 0 234 0 228 
0 236 0 230 0 222 0 234 0 234 0 238 0 228 0 234 0 236 0 224 0 224 0 230 0 232 0 234 0 234 0 446 0 238 0 238 0 226 0 224 0 224 0 230 0 232 0 240 0 234 0 232 0 226 0 236 0 230 0 228 0 224 0 232 
0 238 0 240 0 236 0 224 0 236 0 234 0 228 0 234 0 242 0 224 0 234 0 236 0 240 0 234 0 240 0 440 0 232 0 222 0 234 0 230 0 236 0 228 0 236 0 228 0 232 0 232 0 236 0 228 0 224 0 240 0 220 0 238 
0 238 0 240 0 236 0 228 0 238 0 234 0 242 0 238 0 236 0 236 0 242 0 224 0 246 0 232 0 218 0 448 0 234 0 236 0 232 0 236 0 224 0 240 0 228 0 232 0 232 0 232 0 234 0 238 0 232 0 240 0 234 0 246 
0 240 0 226 0 238 0 234 0 238 0 234 0 238 0 236 0 224 0 230 0 224 0 222 0 240 0 234 0 232 0 446 0 240 0 224 0 236 0 234 0 242 0 242 0 224 0 242 0 232 0 238 0 224 0 242 0 222 0 224 0 228 0 238 
0 236 0 236 0 228 0 232 0 224 0 234 0 234 0 232 0 224 0 228 0 236 0 234 0 244 0 238 0 220 0 446 0 218 0 222 0 230 0 232 0 224 0 242 0 238 0 234 0 232 0 224 0 232 0 228 0 236 0 228 0 238 0 230 
0 230 0 236 0 238 0 232 0 230 0 224 0 242 0 224 0 226 4862 0 240 0 238 0 234 0 228 0 242 0 218 0 238 0 234 424 0 226 0 240 0 224 0 224 0 230 0 224 0 230 0 234 0 228 0 238 0 236 0 240 0 234 0 224 
0 238 0 240 0 240 0 224 0 226 0 226 0 232 0 236 0 232 0 218 0 224 0 224 0 236 0 238 0 234 0 444 0 224 0 222 0 240 0 240 0 236 0 236 0 236 0 228 0 220 0 224 0 232 0 236 0 234 0 232 0 224 0 226 
0 230 0 238 0 236 0 236 0 234 0 228 0 234 0 236 0 236 0 218 0 242 0 228 0 242 0 224 0 224 0 446 0 226 0 234 0 238 0 238 0 236 0 242 0 244 0 240 0 246 0 238 0 228 0 224 0 224 0 234 0 236 0 224 
0 224 0 234 0 224 0 226 0 238 0 226 0 224 0 230 0 224 0 242 0 238 0 222 0 220 0 238 0 240 0 442 0 236 0 220 0 236 0 234 0 234 0 224 0 224 0 228 0 240 0 242 0 234 0 232 0 236 0 238 0 234 0 230 
0 230 0 224 0 224 0 238 0 234 0 238 0 224 0 234 0 228 0 240 0 240 0 234 0 234 0 238 0 234 0 446 232 0 224 0 224 0 224 0 224 0 232 0 238 0 234 0 240 0 230 0 236 0 228 0 240 0 234 0 238 0 236 0 
236 0 236 0 244 0 240 0 236 0 238 0 224 0 224 0 234 0 224 0 222 0 234 0 222 0 238 0 240 0 220 406 0 238 0 234 0 224 0 226 0 228 0 240 0 236 0 232 0 236 0 234 0 232 0 238 0 232 0 234 0 224 0 234 
0 244 0 236 0 236 0 240 0 240 0 234 0 236 0 226 0 230 0 236 0 246 0 242 0 234 0 236 0 236 0 228 0 242 0 222 0 234 0 234 0 236 0 232 0 234 0 234 0 236 0 232 0 236 0 234 0 220 0 240 0 224 0 238 
0 230 0 444 0 218 0 238 0 230 0 232 0 240 0 232 0 224 0 234 0 224 0 230 0 238 0 234 0 220 0 238 0 232 0 238 0 224 0 234 0 226 0 238 0 228 0 234 0 230 0 228 0 232 0 234 0 238 0 238 0 228 0 230 
0 230 0 450 0 224 0 230 0 236 0 236 0 224 0 240 0 236 0 228 0 234 0 238 0 236 0 236 0 234 0 226 0 224 0 236 0 236 0 236 0 242 0 238 0 224 0 232 0 248 0 226 0 224 0 234 0 228 0 242 0 224 0 242 
0 236 0 442 0 238 0 220 0 236 0 234 0 228 0 226 0 234 0 226 0 224 0 234 0 234 0 240 0 234 0 230 0 236 0 228 0 242 0 226 0 224 0 228 0 240 0 232 0 242 0 238 0 220 0 236 0 234 0 238 0 234 0 242 
0 234 0 438 0 238 0 232 0 238 0 236 0 236 0 234 0 246 0 236 0 236 0 242 0 234 0 236 0 242 0 238 0 236 0 240 0 224 0 224 0 236 0 236 0 228 0 240 0 234 0 226 0 222 0 234 0 242 0 242 0 232 0 236 
0 230 0 448 0 238 0 234 0 224 0 224 0 234 0 222 0 232 0 230 0 224 0 240 0 232 0 232 0 240 0 242 0 230 0 232 0 234 0 224 0 232 0 232 0 234 0 238 0 234 0 228 0 236 0 236 0 228 0 222 0 228 0 234 
0 230 0 442 0 240 0 220 0 224 0 236 0 236 0 224 0 232 0 224 0 228 0 232 0 234 0 238 0 234 0 224 0 224 0 224 0 230 0 234 0 234 0 236 0 234 0 224 0 232 0 234 0 228 0 226 0 224 0 224 0 228 0 238 
0 242 0 446 0 236 0 218 0 224 0 230 0 234 0 224 0 224 0 234 0 228 0 242 0 232 0 238 0 234 0 238 0 232 0 236 0 228 0 234 0 232 0 232 0 224 0 232 0 234 0 234 0 226 0 234 0 234 0 236 0 234 0 230 
0 228 0 446 0 224 0 232 0 230 0 232 0 234 0 234 0 224 0 236 0 234 0 240 0 234 0 228 0 236 0 238 0 224 0 224 0 226 0 228 0 232 0 218 0 238 0 178 0 0 147 0 224 0 228 0 236 0 232 0 228 0 234 0 
232 0 234 406 0 238 0 220 0 224 0 238 0 224 0 238 0 234 0 224 0 224 0 228 0 240 0 222 0 236 0 234 0 234 0 228 0 240 0 242 0 232 0 234 0 238 0 224 0 232 0 238 0 236 0 238 0 234 0 238 0 222 0 218 
0 230 0 442 232 0 240 0 224 0 224 0 228 0 222 0 244 0 242 0 232 0 234 0 228 0 220 0 228 0 220 0 244 0 218 0 224 0 234 0 238 0 234 0 224 0 230 0 224 0 224 0 238 0 232 0 232 0 238 0 238 0 236 0 
226 0 224 406 0 232 0 236 0 224 0 238 0 234 0 238 0 226 0 236 0 236 0 238 0 232 0 224 0 224 0 242 0 224 0 224 0 228 0 226 0 234 0 236 0 234 0 232 0 234 0 228 0 236 0 222 0 234 0 236 0 234 0 224 
0 230 0 442 0 238 0 234 0 230 0 232 0 236 0 232 0 228 0 224 0 232 0 234 0 230 0 236 0 236 0 240 0 240 0 236 0 232 0 236 0 232 0 234 0 224 0 232 0 230 0 234 0 228 0 220 0 238 0 234 0 224 0 228 
0 234 0 444 0 238 0 224 0 226 0 238 0 224 0 224 0 224 0 224 0 224 0 226 0 228 0 244 0 234 0 238 0 224 0 238 0 224 0 224 0 228 0 238 0 236 0 218 0 218 0 236 0 236 0 228 0 240 0 238 0 234 0 236 
0 232 0 446 0 246 0 236 0 222 0 224 0 238 0 240 0 236 0 238 0 236 0 238 0 236 0 234 0 224 0 242 0 238 0 224 0 234 0 228 0 240 0 234 0 238 0 232 0 232 0 236 0 228 0 228 0 230 0 232 0 224 0 226 
0 232 0 224 408 0 238 0 222 0 234 0 224 0 234 0 224 0 224 0 240 0 236 0 234 0 228 0 236 0 238 0 228 0 236 0 240 0 232 0 218 0 238 0 240 0 242 0 224 0 234 0 224 0 224 0 240 0 228 0 236 0 246 0 
234 0 236 402 0 226 0 236 0 234 0 234 0 240 0 228 0 234 0 238 0 240 0 236 0 224 0 236 0 220 0 236 0 220 0 238 0 238 0 242 0 224 0 226 0 232 0 234 0 236 0 234 0 224 0 224 0 228 0 240 0 232 0 238 
0 218 0 444 0 224 0 222 0 240 0 224 0 234 0 236 0 240 0 220 0 224 0 240 0 236 0 234 0 242 0 228 0 234 0 224 0 232 0 224 0 238 0 226 0 224 0 228 0 240 0 234 0 234 0 230 0 234 0 230 0 220 0 224 
0 230 0 456 0 222 0 220 0 236 0 242 0 228 0 242 0 220 0 244 0 220 0 240 0 228 0 236 0 228 0 242 0 232 0 234 0 240 0 228 0 234 0 238 0 232 0 236 0 230 0 234 0 236 0 234 0 226 0 224 0 228 0 236 
0 230 0 456 0 224 0 232 0 234 0 228 0 240 0 232 0 236 0 222 0 234 0 228 0 236 0 224 0 228 0 242 0 232 0 222 0 232 0 234 0 224 0 242 0 224 0 230 0 224 0 224 0 224 0 234 0 222 0 224 0 226 0 240 
0 232 0 446 0 224 0 234 0 228 0 244 0 236 0 236 0 228 0 238 0 220 0 224 0 226 0 240 0 228 0 240 0 232 0 232 0 232 0 230 0 238 0 228 0 234 0 238 0 232 0 234 0 230 0 236 0 222 0 224 0 232 0 230 
0 228 0 438 0 224 0 240 0 224 0 224 0 234 0 228 0 236 0 236 0 232 0 236 0 224 0 236 0 242 0 238 0 236 0 228 0 232 0 232 0 240 0 234 0 230 226 0 224 0 226 0 236 0 218 0 238 0 232 0 236 0 230 0 
234 0 228 410 0 224 0 240 0 228 0 234 0 242 0 230 0 232 0 234 0 234 0 228 0 236 0 228 0 234 0 226 0 224 0 228 0 240 0 232 0 242 0 234 0 224 0 238 0 224 0 224 0 228 0 236 0 224 0 226 0 228 0 236 
0 232 0 446 0 240 0 226 0 224 0 224 0 236 0 234 0 230 0 240 0 236 0 224 0 228 0 240 0 234 0 224 0 226 0 224 0 228 0 236 0 228 0 236 0 228 0 234 0 224 0 224 0 224 0 224 0 224 0 228 0 236 0 228 
0 234 0 450 0 230 0 232 0 234 0 226 0 228 0 236 0 230 0 240 0 226 0 228 0 234 0 224 0 226 0 228 0 236 0 236 0 234 0 234 0 224 0 236 0 232 0 234 0 224 0 240 0 238 0 234 0 230 0 234 0 230 0 232 
0 232 0 442 0 238 0 236 0 224 0 236 0 220 0 238 0 232 0 224 0 232 0 224 0 238 0 240 0 240 0 234 0 224 0 234 0 236 0 234 0 234 0 236 0 236 0 228 0 234 0 224 0 224 0 228 0 228 0 226 0 238 0 238 
0 232 0 442 0 238 0 234 0 238 0 236 0 236 0 236 0 236 0 236 0 238 0 226 0 236 0 240 0 232 0 240 0 240 0 236 0 224 0 236 0 234 0 230 0 232 0 240 0 242 0 224 0 238 0 232 0 234 0 224 0 228 0 234 
0 232 0 442 0 238 0 234 0 226 0 224 0 228 0 236 0 228 0 236 0 228 0 240 0 234 0 234 0 228 0 240 0 232 0 236 0 228 0 242 0 238 0 234 0 236 0 220 0 232 0 224 0 234 0 228 0 240 0 232 0 240 0 236 
0 230 0 448 0 224 0 240 0 228 0 238 0 228 0 240 0 234 0 228 0 236 0 228 0 238 0 228 0 236 0 234 0 236 0 240 0 228 0 238 0 236 0 234 0 224 0 232 0 224 0 248 0 238 0 240 0 240 0 234 0 224 0 226 
0 230 0 448 0 224 0 232 0 228 0 238 0 228 0 236 0 228 0 242 0 218 0 238 0 224 0 234 0 222 0 234 0 236 0 234 0 232 0 224 0 224 0 226 0 228 0 234 0 224 0 224 0 234 0 228 0 242 0 234 0 234 0 236 
